acmi_id,acmi_name,wikidata_id,wikidata_name,acmi_title,wikidata_title,match
11786,ROBBIE MCEWAN,Q1499192,ANNA GOBBI,A LIFE IN THE DAY OF A CYCLE COURIER,ONDATA DI CALORE,38
11786,ROBBIE MCEWAN,Q1499192,ANNA GOBBI,TOIL AND TROUBLE,ONDATA DI CALORE,31
11786,ROBBIE MCEWAN,Q3026297,MEHRAN RAJABI,A LIFE IN THE DAY OF A CYCLE COURIER,COLORS OF MEMORY,35
11786,ROBBIE MCEWAN,Q3026297,MEHRAN RAJABI,TOIL AND TROUBLE,TWO ANGELS,46
11786,ROBBIE MCEWAN,Q1924847,MARGOT ROBBIE,A LIFE IN THE DAY OF A CYCLE COURIER,SPACE JAM: A NEW LEGACY,45
11786,ROBBIE MCEWAN,Q1924847,MARGOT ROBBIE,TOIL AND TROUBLE,THE LEGEND OF TARZAN,44
11786,ROBBIE MCEWAN,Q106189033,MIKE ROBE,A LIFE IN THE DAY OF A CYCLE COURIER,GUTS AND GLORY: THE RISE AND FALL OF OLIVER NORTH,45
11786,ROBBIE MCEWAN,Q106189033,MIKE ROBE,TOIL AND TROUBLE,GUTS AND GLORY: THE RISE AND FALL OF OLIVER NORTH,34
11786,ROBBIE MCEWAN,Q26869276,ROBERT MACHOIAN,A LIFE IN THE DAY OF A CYCLE COURIER,THE KILLING OF TWO LOVERS,46
11786,ROBBIE MCEWAN,Q26869276,ROBERT MACHOIAN,TOIL AND TROUBLE,THE KILLING OF TWO LOVERS,29
11786,ROBBIE MCEWAN,Q7347654,ROBERT MIANO,A LIFE IN THE DAY OF A CYCLE COURIER,THE FUNERALS,38
11786,ROBBIE MCEWAN,Q7347654,ROBERT MIANO,TOIL AND TROUBLE,TODAY YOU DIE,48
11786,ROBBIE MCEWAN,Q326845,ROBBIE MCINTOSH,A LIFE IN THE DAY OF A CYCLE COURIER,Q102351787,0
11786,ROBBIE MCEWAN,Q326845,ROBBIE MCINTOSH,TOIL AND TROUBLE,Q102351787,0
11786,ROBBIE MCEWAN,Q67005543,DEBBIE BERMAN,A LIFE IN THE DAY OF A CYCLE COURIER,WITHIN,14
11786,ROBBIE MCEWAN,Q67005543,DEBBIE BERMAN,TOIL AND TROUBLE,WITHIN,18
11786,ROBBIE MCEWAN,Q7340855,ROBBIE BRENNER,A LIFE IN THE DAY OF A CYCLE COURIER,ESCAPE PLAN: THE EXTRACTORS,45
11786,ROBBIE MCEWAN,Q7340855,ROBBIE BRENNER,TOIL AND TROUBLE,ALIENS VS. PREDATOR: REQUIEM,43
11786,ROBBIE MCEWAN,Q101008704,ROBERT CEJNAR,A LIFE IN THE DAY OF A CYCLE COURIER,ALPHA CODE,30
11786,ROBBIE MCEWAN,Q101008704,ROBERT CEJNAR,TOIL AND TROUBLE,ALPHA CODE,38
11786,ROBBIE MCEWAN,Q62051074,ROBERT CONWAY,A LIFE IN THE DAY OF A CYCLE COURIER,KRAMPUS: THE RECKONING,39
11786,ROBBIE MCEWAN,Q62051074,ROBERT CONWAY,TOIL AND TROUBLE,KRAMPUS: THE RECKONING,38
11786,ROBBIE MCEWAN,Q38052577,ROBERT MADSEN,A LIFE IN THE DAY OF A CYCLE COURIER,Q20495272,0
11786,ROBBIE MCEWAN,Q38052577,ROBERT MADSEN,TOIL AND TROUBLE,Q20495272,0
11786,ROBBIE MCEWAN,Q6755827,MARC ROBBINS,A LIFE IN THE DAY OF A CYCLE COURIER,THE HEART OF A LION,55
11786,ROBBIE MCEWAN,Q6755827,MARC ROBBINS,TOIL AND TROUBLE,TRUE BLUE,48
11786,ROBBIE MCEWAN,Q64410044,ROBERT CAIN,A LIFE IN THE DAY OF A CYCLE COURIER,MEN,10
11786,ROBBIE MCEWAN,Q64410044,ROBERT CAIN,TOIL AND TROUBLE,MEN,11
11786,ROBBIE MCEWAN,Q2888896,ROBERT A. MCGOWAN,A LIFE IN THE DAY OF A CYCLE COURIER,THE GIRL IN THE TAXI,46
11786,ROBBIE MCEWAN,Q2888896,ROBERT A. MCGOWAN,TOIL AND TROUBLE,THE HOLY TERROR,45
11786,ROBBIE MCEWAN,Q3938358,ROBERT MARTIN,A LIFE IN THE DAY OF A CYCLE COURIER,"LOVE, LIFE AND LAUGHTER",48
11786,ROBBIE MCEWAN,Q3938358,ROBERT MARTIN,TOIL AND TROUBLE,TROUBLE,61
11786,ROBBIE MCEWAN,Q3435067,ROBERT F. MCGOWAN,A LIFE IN THE DAY OF A CYCLE COURIER,THE OLD SWIMMIN' HOLE,43
11786,ROBBIE MCEWAN,Q3435067,ROBERT F. MCGOWAN,TOIL AND TROUBLE,ONE TERRIBLE DAY,56
11786,ROBBIE MCEWAN,Q7345596,ROBERT HOMANS,A LIFE IN THE DAY OF A CYCLE COURIER,THE FIGHTIN' COMEBACK,39
11786,ROBBIE MCEWAN,Q7345596,ROBERT HOMANS,TOIL AND TROUBLE,THE FIGHTIN' COMEBACK,39
11786,ROBBIE MCEWAN,Q862834,ROBERT CULLEN,A LIFE IN THE DAY OF A CYCLE COURIER,ESCAPE ME NEVER,31
11786,ROBBIE MCEWAN,Q862834,ROBERT CULLEN,TOIL AND TROUBLE,THE WOMAN IN WHITE,35
11786,ROBBIE MCEWAN,Q6724633,MACLEAN ROGERS,A LIFE IN THE DAY OF A CYCLE COURIER,HEAVEN IS ROUND THE CORNER,55
11786,ROBBIE MCEWAN,Q6724633,MACLEAN ROGERS,TOIL AND TROUBLE,TROUBLE,61
11786,ROBBIE MCEWAN,Q1833058,ROBERT MCWADE,A LIFE IN THE DAY OF A CYCLE COURIER,LADIES THEY TALK ABOUT,45
11786,ROBBIE MCEWAN,Q1833058,ROBERT MCWADE,TOIL AND TROUBLE,GRAND HOTEL,52
11786,ROBBIE MCEWAN,Q7343080,ROBERT COOGAN,A LIFE IN THE DAY OF A CYCLE COURIER,THE UNDERWORLD STORY,29
11786,ROBBIE MCEWAN,Q7343080,ROBERT COOGAN,TOIL AND TROUBLE,THE UNDERWORLD STORY,39
11786,ROBBIE MCEWAN,Q3442681,ROSINE DEREAN,A LIFE IN THE DAY OF A CYCLE COURIER,THE BEAUTIFUL SAILOR,46
11786,ROBBIE MCEWAN,Q3442681,ROSINE DEREAN,TOIL AND TROUBLE,VEILLE D'ARMES,47
11786,ROBBIE MCEWAN,Q445018,MARJORIE MAIN,A LIFE IN THE DAY OF A CYCLE COURIER,MA AND PA KETTLE AT THE FAIR,50
11786,ROBBIE MCEWAN,Q445018,MARJORIE MAIN,TOIL AND TROUBLE,TOO HOT TO HANDLE,55
11786,ROBBIE MCEWAN,Q21086592,ROBERT CULLEN,A LIFE IN THE DAY OF A CYCLE COURIER,THE KING'S CUP,40
11786,ROBBIE MCEWAN,Q21086592,ROBERT CULLEN,TOIL AND TROUBLE,THE KING'S CUP,33
11786,ROBBIE MCEWAN,Q4846299,ROBERT MARTIN,A LIFE IN THE DAY OF A CYCLE COURIER,IT HAPPENED IN PARIS,36
11786,ROBBIE MCEWAN,Q4846299,ROBERT MARTIN,TOIL AND TROUBLE,IT HAPPENED IN PARIS,44
11786,ROBBIE MCEWAN,Q3177416,JEROME COWAN,A LIFE IN THE DAY OF A CYCLE COURIER,SCENE OF THE CRIME,48
11786,ROBBIE MCEWAN,Q3177416,JEROME COWAN,TOIL AND TROUBLE,THE OLD MAID,57
11786,ROBBIE MCEWAN,Q7347547,ROBERT MCKENZIE,A LIFE IN THE DAY OF A CYCLE COURIER,THREE OF A KIND,43
11786,ROBBIE MCEWAN,Q7347547,ROBERT MCKENZIE,TOIL AND TROUBLE,THREE OF A KIND,58
11786,ROBBIE MCEWAN,Q1541704,ROBERT CARSON,A LIFE IN THE DAY OF A CYCLE COURIER,THE LIGHT THAT FAILED,46
11786,ROBBIE MCEWAN,Q1541704,ROBERT CARSON,TOIL AND TROUBLE,A STAR IS BORN,47
11786,ROBBIE MCEWAN,Q974924,ROBERT NEWTON,A LIFE IN THE DAY OF A CYCLE COURIER,ANDROCLES AND THE LION,52
11786,ROBBIE MCEWAN,Q974924,ROBERT NEWTON,TOIL AND TROUBLE,ODD MAN OUT,52
11786,ROBBIE MCEWAN,Q3435835,ROBERT MANUEL,A LIFE IN THE DAY OF A CYCLE COURIER,CAROLINE AND THE REBELS,44
11786,ROBBIE MCEWAN,Q3435835,ROBERT MANUEL,TOIL AND TROUBLE,LA TULIPE NOIRE,58
11786,ROBBIE MCEWAN,Q3434739,ROBERT CARSON,A LIFE IN THE DAY OF A CYCLE COURIER,THE GREATEST SHOW ON EARTH,42
11786,ROBBIE MCEWAN,Q3434739,ROBERT CARSON,TOIL AND TROUBLE,THE DESPERADOES,39
11786,ROBBIE MCEWAN,Q7342861,ROBERT CHAPIN,A LIFE IN THE DAY OF A CYCLE COURIER,THE HUNTED,30
11786,ROBBIE MCEWAN,Q7342861,ROBERT CHAPIN,TOIL AND TROUBLE,THE HUNTED,38
11786,ROBBIE MCEWAN,Q2156729,ROBERT CARSON,A LIFE IN THE DAY OF A CYCLE COURIER,THE MAN FROM THE ALAMO,45
11786,ROBBIE MCEWAN,Q2156729,ROBERT CARSON,TOIL AND TROUBLE,WHO'S MINDING THE STORE?,41
11786,ROBBIE MCEWAN,Q279382,DANY ROBIN,A LIFE IN THE DAY OF A CYCLE COURIER,THE BEST HOUSE IN LONDON,47
11786,ROBBIE MCEWAN,Q279382,DANY ROBIN,TOIL AND TROUBLE,CADET ROUSSELLE,58
11786,ROBBIE MCEWAN,Q3310709,MICHEL ROB,A LIFE IN THE DAY OF A CYCLE COURIER,LA MINUTE DE VERITE,40
11786,ROBBIE MCEWAN,Q3310709,MICHEL ROB,TOIL AND TROUBLE,LA MINUTE DE VERITE,40
11786,ROBBIE MCEWAN,Q2631649,WILLIE MCLEAN,A LIFE IN THE DAY OF A CYCLE COURIER,FIGHTER SQUADRON,23
11786,ROBBIE MCEWAN,Q2631649,WILLIE MCLEAN,TOIL AND TROUBLE,FIGHTER SQUADRON,25
11786,ROBBIE MCEWAN,Q3066479,FANNY ROBIANE,A LIFE IN THE DAY OF A CYCLE COURIER,ANYTHING FOR A BUCK,33
11786,ROBBIE MCEWAN,Q3066479,FANNY ROBIANE,TOIL AND TROUBLE,ANYTHING FOR A BUCK,34
11786,ROBBIE MCEWAN,Q2158249,ROBERT MEYN,A LIFE IN THE DAY OF A CYCLE COURIER,MADE IN GERMANY - EIN LEBEN FUR ZEISS,45
11786,ROBBIE MCEWAN,Q2158249,ROBERT MEYN,TOIL AND TROUBLE,"FATHER, MOTHER AND NINE CHILDREN",47
11786,ROBBIE MCEWAN,Q705447,ROBERT EASTON,A LIFE IN THE DAY OF A CYCLE COURIER,THE RED BADGE OF COURAGE,50
11786,ROBBIE MCEWAN,Q705447,ROBERT EASTON,TOIL AND TROUBLE,COMIN' ROUND THE MOUNTAIN,45
11786,ROBBIE MCEWAN,Q5418916,EWAN ROBERTS,A LIFE IN THE DAY OF A CYCLE COURIER,SHADOW OF THE EAGLE,40
11786,ROBBIE MCEWAN,Q5418916,EWAN ROBERTS,TOIL AND TROUBLE,SHADOW OF THE EAGLE,34
11786,ROBBIE MCEWAN,Q2500741,URIE MCCLEARY,A LIFE IN THE DAY OF A CYCLE COURIER,LOVE ME OR LEAVE ME,36
11786,ROBBIE MCEWAN,Q2500741,URIE MCCLEARY,TOIL AND TROUBLE,LOVE ME OR LEAVE ME,29
11786,ROBBIE MCEWAN,Q55418313,MAURICE COWAN,A LIFE IN THE DAY OF A CYCLE COURIER,ONE GOOD TURN,29
11786,ROBBIE MCEWAN,Q55418313,MAURICE COWAN,TOIL AND TROUBLE,ONE GOOD TURN,41
11786,ROBBIE MCEWAN,Q15734538,ROBERT LEWIN,A LIFE IN THE DAY OF A CYCLE COURIER,THE BOLD AND THE BRAVE,41
11786,ROBBIE MCEWAN,Q15734538,ROBERT LEWIN,TOIL AND TROUBLE,THE BOLD AND THE BRAVE,47
11786,ROBBIE MCEWAN,Q3938356,ROBERT MARTIN,A LIFE IN THE DAY OF A CYCLE COURIER,BACKLASH,23
11786,ROBBIE MCEWAN,Q3938356,ROBERT MARTIN,TOIL AND TROUBLE,BACKLASH,17
11786,ROBBIE MCEWAN,Q3292619,MARIE KEAN,A LIFE IN THE DAY OF A CYCLE COURIER,THE BIG GAMBLE,36
11786,ROBBIE MCEWAN,Q3292619,MARIE KEAN,TOIL AND TROUBLE,THE DEAD,42
11786,ROBBIE MCEWAN,Q1826885,ROBERT EVANS,A LIFE IN THE DAY OF A CYCLE COURIER,MAN OF A THOUSAND FACES,47
11786,ROBBIE MCEWAN,Q1826885,ROBERT EVANS,TOIL AND TROUBLE,THE PHANTOM,52
11786,ROBBIE MCEWAN,Q3174324,JEAN RIEUL,A LIFE IN THE DAY OF A CYCLE COURIER,LE FEU AUX POUDRES,37
11786,ROBBIE MCEWAN,Q3174324,JEAN RIEUL,TOIL AND TROUBLE,LE FEU AUX POUDRES,41
11786,ROBBIE MCEWAN,Q55163,ROBERT ALTMAN,A LIFE IN THE DAY OF A CYCLE COURIER,THAT COLD DAY IN THE PARK,52
11786,ROBBIE MCEWAN,Q55163,ROBERT ALTMAN,TOIL AND TROUBLE,WELCOME TO L.A.,53
11786,ROBBIE MCEWAN,Q5194951,GERMAN ROBLES,A LIFE IN THE DAY OF A CYCLE COURIER,THE LIFE OF AGUSTIN LARA,60
11786,ROBBIE MCEWAN,Q5194951,GERMAN ROBLES,TOIL AND TROUBLE,THE GARDEN OF AUNT ISABEL,44
11786,ROBBIE MCEWAN,Q3179937,JODIE COPELAN,A LIFE IN THE DAY OF A CYCLE COURIER,NIGHT OF THE BLOOD BEAST,47
11786,ROBBIE MCEWAN,Q3179937,JODIE COPELAN,TOIL AND TROUBLE,NIGHT OF THE BLOOD BEAST,40
11786,ROBBIE MCEWAN,Q922928,JEAN RABIER,A LIFE IN THE DAY OF A CYCLE COURIER,QUIET DAYS IN CLICHY,54
11786,ROBBIE MCEWAN,Q922928,JEAN RABIER,TOIL AND TROUBLE,OUR AGENT TIGER,45
11786,ROBBIE MCEWAN,Q3174435,JEAN ROUGERIE,A LIFE IN THE DAY OF A CYCLE COURIER,IN THE EYE OF THE SNAKE,47
11786,ROBBIE MCEWAN,Q3174435,JEAN ROUGERIE,TOIL AND TROUBLE,L'ETOILE DU NORD,50
11786,ROBBIE MCEWAN,Q4706518,ALAN DOBIE,A LIFE IN THE DAY OF A CYCLE COURIER,THE CHARGE OF THE LIGHT BRIGADE,48
11786,ROBBIE MCEWAN,Q4706518,ALAN DOBIE,TOIL AND TROUBLE,ALFRED THE GREAT,44
11786,ROBBIE MCEWAN,Q446280,EWA STROMBERG,A LIFE IN THE DAY OF A CYCLE COURIER,THE DEVIL CAME FROM AKASAVA,48
11786,ROBBIE MCEWAN,Q446280,EWA STROMBERG,TOIL AND TROUBLE,IM BANNE DES UNHEIMLICHEN,44
11786,ROBBIE MCEWAN,Q3173766,JEAN OBE,A LIFE IN THE DAY OF A CYCLE COURIER,A CLOUD IN THE TEETH,54
11786,ROBBIE MCEWAN,Q3173766,JEAN OBE,TOIL AND TROUBLE,LE DISTRAIT,44
11786,ROBBIE MCEWAN,Q1685829,JEAN SOBIESKI,A LIFE IN THE DAY OF A CYCLE COURIER,TIME AND PLACE FOR KILLING,45
11786,ROBBIE MCEWAN,Q1685829,JEAN SOBIESKI,TOIL AND TROUBLE,TIME AND PLACE FOR KILLING,48
11786,ROBBIE MCEWAN,Q94912055,ROBERT MICHAL,A LIFE IN THE DAY OF A CYCLE COURIER,Q106517902,0
11786,ROBBIE MCEWAN,Q94912055,ROBERT MICHAL,TOIL AND TROUBLE,Q106517902,0
11786,ROBBIE MCEWAN,Q7352632,ROBIN MACONIE,A LIFE IN THE DAY OF A CYCLE COURIER,RUNAWAY,14
11786,ROBBIE MCEWAN,Q7352632,ROBIN MACONIE,TOIL AND TROUBLE,RUNAWAY,17
11786,ROBBIE MCEWAN,Q15100352,ROBERT MELLIN,A LIFE IN THE DAY OF A CYCLE COURIER,THE DIRTY GAME,40
11786,ROBBIE MCEWAN,Q15100352,ROBERT MELLIN,TOIL AND TROUBLE,SON OF A GUNFIGHTER,34
11786,ROBBIE MCEWAN,Q3286030,MANN RUBIN,A LIFE IN THE DAY OF A CYCLE COURIER,THE FIRST DEADLY SIN,39
11786,ROBBIE MCEWAN,Q3286030,MANN RUBIN,TOIL AND TROUBLE,THE HUMAN SHIELD,50
11786,ROBBIE MCEWAN,Q3310736,MICHEL ROBIN,A LIFE IN THE DAY OF A CYCLE COURIER,CHILDREN OF THE CENTURY,51
11786,ROBBIE MCEWAN,Q3310736,MICHEL ROBIN,TOIL AND TROUBLE,ADIEU POULET,57
11786,ROBBIE MCEWAN,Q275316,ROBIN MATTSON,A LIFE IN THE DAY OF A CYCLE COURIER,PHANTOM OF THE PARADISE,44
11786,ROBBIE MCEWAN,Q275316,ROBIN MATTSON,TOIL AND TROUBLE,CANDY STRIPE NURSES,46
11786,ROBBIE MCEWAN,Q17154354,ROBERT MARTIN,A LIFE IN THE DAY OF A CYCLE COURIER,THE TIMES THAT ARE,37
11786,ROBBIE MCEWAN,Q17154354,ROBERT MARTIN,TOIL AND TROUBLE,THE TIMES THAT ARE,35
11786,ROBBIE MCEWAN,Q6803177,MEADE ROBERTS,A LIFE IN THE DAY OF A CYCLE COURIER,DANGER ROUTE,33
11786,ROBBIE MCEWAN,Q6803177,MEADE ROBERTS,TOIL AND TROUBLE,DANGER ROUTE,50
11786,ROBBIE MCEWAN,Q28001353,ROBERTO MOSCA,A LIFE IN THE DAY OF A CYCLE COURIER,PLAYERS VS. ANGELES CAIDOS,36
11786,ROBBIE MCEWAN,Q28001353,ROBERTO MOSCA,TOIL AND TROUBLE,LA GRAN RUTA,50
11786,ROBBIE MCEWAN,Q1341627,ROD MCKUEN,A LIFE IN THE DAY OF A CYCLE COURIER,THE PRIME OF MISS JEAN BRODIE,49
11786,ROBBIE MCEWAN,Q1341627,ROD MCKUEN,TOIL AND TROUBLE,THE PRIME OF MISS JEAN BRODIE,36
11786,ROBBIE MCEWAN,Q6270939,MIRCEA VEROIU,A LIFE IN THE DAY OF A CYCLE COURIER,THE ACTOR AND THE SAVAGES,46
11786,ROBBIE MCEWAN,Q6270939,MIRCEA VEROIU,TOIL AND TROUBLE,ARMED AND DANGEROUS,46
11786,ROBBIE MCEWAN,Q3434272,ROBBI MORGAN,A LIFE IN THE DAY OF A CYCLE COURIER,CRYSTAL LAKE MEMORIES: THE COMPLETE HISTORY OF FRIDAY THE 13TH,52
11786,ROBBIE MCEWAN,Q3434272,ROBBI MORGAN,TOIL AND TROUBLE,IN SEARCH OF DARKNESS,38
11786,ROBBIE MCEWAN,Q2171085,MICHAEL ROBBINS,A LIFE IN THE DAY OF A CYCLE COURIER,HOLIDAY ON THE BUSES,46
11786,ROBBIE MCEWAN,Q2171085,MICHAEL ROBBINS,TOIL AND TROUBLE,THE LOOKING GLASS WAR,38
11786,ROBBIE MCEWAN,Q1906793,MASCHA RABBEN,A LIFE IN THE DAY OF A CYCLE COURIER,SCHULMADCHEN-REPORT,33
11786,ROBBIE MCEWAN,Q1906793,MASCHA RABBEN,TOIL AND TROUBLE,DEADLOCK,33
11786,ROBBIE MCEWAN,Q3852272,MATTHEW ROBBINS,A LIFE IN THE DAY OF A CYCLE COURIER,DON'T BE AFRAID OF THE DARK,54
11786,ROBBIE MCEWAN,Q3852272,MATTHEW ROBBINS,TOIL AND TROUBLE,VIJAY AND I,44
11786,ROBBIE MCEWAN,Q3310721,MICHEL ROBBE,A LIFE IN THE DAY OF A CYCLE COURIER,CIRCULEZ Y'A RIEN A VOIR,53
11786,ROBBIE MCEWAN,Q3310721,MICHEL ROBBE,TOIL AND TROUBLE,THE PEBBLES OF ETRATAT,37
11786,ROBBIE MCEWAN,Q3174375,JEAN ROCHE,A LIFE IN THE DAY OF A CYCLE COURIER,Q3402301,0
11786,ROBBIE MCEWAN,Q3174375,JEAN ROCHE,TOIL AND TROUBLE,Q3402301,0
11786,ROBBIE MCEWAN,Q11506780,MARCEL ROBERT,A LIFE IN THE DAY OF A CYCLE COURIER,Q3227850,0
11786,ROBBIE MCEWAN,Q11506780,MARCEL ROBERT,TOIL AND TROUBLE,Q3227850,0
11786,ROBBIE MCEWAN,Q3938679,ROBERTO CENCI,A LIFE IN THE DAY OF A CYCLE COURIER,INNOCENCE AND DESIRE,36
11786,ROBBIE MCEWAN,Q3938679,ROBERTO CENCI,TOIL AND TROUBLE,INNOCENCE AND DESIRE,44
11786,ROBBIE MCEWAN,Q16014448,RON MCLEAN,A LIFE IN THE DAY OF A CYCLE COURIER,OUTBREAK OF HOSTILITIES,41
11786,ROBBIE MCEWAN,Q16014448,RON MCLEAN,TOIL AND TROUBLE,HUMAN TARGET,43
11786,ROBBIE MCEWAN,Q63798287,MICHEL MCLEAN,A LIFE IN THE DAY OF A CYCLE COURIER,BAR SALON,27
11786,ROBBIE MCEWAN,Q63798287,MICHEL MCLEAN,TOIL AND TROUBLE,BAR SALON,32
11786,ROBBIE MCEWAN,Q503966,ROB COHEN,A LIFE IN THE DAY OF A CYCLE COURIER,THE LEGEND OF BILLIE JEAN,52
11786,ROBBIE MCEWAN,Q503966,ROB COHEN,TOIL AND TROUBLE,THE FAST AND THE FURIOUS,50
11786,ROBBIE MCEWAN,Q20435417,ROBERT BAN,A LIFE IN THE DAY OF A CYCLE COURIER,Q1124808,0
11786,ROBBIE MCEWAN,Q20435417,ROBERT BAN,TOIL AND TROUBLE,Q1124808,0
11786,ROBBIE MCEWAN,Q7358717,ROGER NEWMAN,A LIFE IN THE DAY OF A CYCLE COURIER,ANNIE HALL,26
11786,ROBBIE MCEWAN,Q7358717,ROGER NEWMAN,TOIL AND TROUBLE,ANNIE HALL,38
11786,ROBBIE MCEWAN,Q1291283,ROBERT KERMAN,A LIFE IN THE DAY OF A CYCLE COURIER,THE BUDDING OF BRIE,51
11786,ROBBIE MCEWAN,Q1291283,ROBERT KERMAN,TOIL AND TROUBLE,CANNIBAL FEROX,47
11786,ROBBIE MCEWAN,Q2439881,TOM MCEWAN,A LIFE IN THE DAY OF A CYCLE COURIER,THE RETURN OF CAPTAIN KLYDE,44
11786,ROBBIE MCEWAN,Q2439881,TOM MCEWAN,TOIL AND TROUBLE,THE RETURN OF CAPTAIN KLYDE,42
11786,ROBBIE MCEWAN,Q3165195,JEAN-CLAUDE ROBBE,A LIFE IN THE DAY OF A CYCLE COURIER,Q3352276,0
11786,ROBBIE MCEWAN,Q3165195,JEAN-CLAUDE ROBBE,TOIL AND TROUBLE,Q3352276,0
11786,ROBBIE MCEWAN,Q296008,ROBBIE COLTRANE,A LIFE IN THE DAY OF A CYCLE COURIER,HARRY POTTER AND THE GOBLET OF FIRE,51
11786,ROBBIE MCEWAN,Q296008,ROBBIE COLTRANE,TOIL AND TROUBLE,OCEAN'S TWELVE,47
11786,ROBBIE MCEWAN,Q22102136,OBIE BENZ,A LIFE IN THE DAY OF A CYCLE COURIER,AMERICAS IN TRANSITION,38
11786,ROBBIE MCEWAN,Q22102136,OBIE BENZ,TOIL AND TROUBLE,AMERICAS IN TRANSITION,37
11786,ROBBIE MCEWAN,Q919565,MARTY ROBBINS,A LIFE IN THE DAY OF A CYCLE COURIER,HONKYTONK MAN,20
11786,ROBBIE MCEWAN,Q919565,MARTY ROBBINS,TOIL AND TROUBLE,HONKYTONK MAN,28
11786,ROBBIE MCEWAN,Q450796,ROBIN MORGAN,A LIFE IN THE DAY OF A CYCLE COURIER,NOT A LOVE STORY: A FILM ABOUT PORNOGRAPHY,42
11786,ROBBIE MCEWAN,Q450796,ROBIN MORGAN,TOIL AND TROUBLE,NOT A LOVE STORY: A FILM ABOUT PORNOGRAPHY,32
11786,ROBBIE MCEWAN,Q4413076,ROBERT MANDAN,A LIFE IN THE DAY OF A CYCLE COURIER,ZAPPED!,14
11786,ROBBIE MCEWAN,Q4413076,ROBERT MANDAN,TOIL AND TROUBLE,ZAPPED!,18
11786,ROBBIE MCEWAN,Q16028692,ROBERT MENARD,A LIFE IN THE DAY OF A CYCLE COURIER,A DAY IN A TAXI,47
11786,ROBBIE MCEWAN,Q16028692,ROBERT MENARD,TOIL AND TROUBLE,A DAY IN A TAXI,39
11786,ROBBIE MCEWAN,Q2976160,ROBERT MENARD,A LIFE IN THE DAY OF A CYCLE COURIER,A DAY IN A TAXI,47
11786,ROBBIE MCEWAN,Q2976160,ROBERT MENARD,TOIL AND TROUBLE,A DAY IN A TAXI,39
11786,ROBBIE MCEWAN,Q21664742,RON MCLEAN,A LIFE IN THE DAY OF A CYCLE COURIER,THE LITTLE FELLER,42
11786,ROBBIE MCEWAN,Q21664742,RON MCLEAN,TOIL AND TROUBLE,THE LITTLE FELLER,36
11786,ROBBIE MCEWAN,Q3091066,ROBERT MANDEL,A LIFE IN THE DAY OF A CYCLE COURIER,INDEPENDENCE DAY,31
11786,ROBBIE MCEWAN,Q3091066,ROBERT MANDEL,TOIL AND TROUBLE,TOUCH AND GO,64
11786,ROBBIE MCEWAN,Q7340944,ROBBIE MCGREGOR,A LIFE IN THE DAY OF A CYCLE COURIER,WRONG WORLD,26
11786,ROBBIE MCEWAN,Q7340944,ROBBIE MCGREGOR,TOIL AND TROUBLE,WRONG WORLD,37
11786,ROBBIE MCEWAN,Q2892721,ROSIE MARCEL,A LIFE IN THE DAY OF A CYCLE COURIER,HYPER SAPIEN: PEOPLE FROM ANOTHER STAR,38
11786,ROBBIE MCEWAN,Q2892721,ROSIE MARCEL,TOIL AND TROUBLE,HYPER SAPIEN: PEOPLE FROM ANOTHER STAR,34
11786,ROBBIE MCEWAN,Q3179357,JOBE CERNY,A LIFE IN THE DAY OF A CYCLE COURIER,PRELUDE TO A KISS,38
11786,ROBBIE MCEWAN,Q3179357,JOBE CERNY,TOIL AND TROUBLE,RENT-A-COP,46
11786,ROBBIE MCEWAN,Q765526,MAX ROBERT,A LIFE IN THE DAY OF A CYCLE COURIER,RUMPELSTILTSKIN,24
11786,ROBBIE MCEWAN,Q765526,MAX ROBERT,TOIL AND TROUBLE,RUMPELSTILTSKIN,26
11786,ROBBIE MCEWAN,Q7352382,ROBIN EVANS,A LIFE IN THE DAY OF A CYCLE COURIER,RAGE OF HONOR,29
11786,ROBBIE MCEWAN,Q7352382,ROBIN EVANS,TOIL AND TROUBLE,RAGE OF HONOR,41
11786,ROBBIE MCEWAN,Q5415472,EVAN LURIE,A LIFE IN THE DAY OF A CYCLE COURIER,RING OF FIRE II: BLOOD AND STEEL,45
11786,ROBBIE MCEWAN,Q5415472,EVAN LURIE,TOIL AND TROUBLE,THE WHOLE SHEBANG,48
11786,ROBBIE MCEWAN,Q7347455,ROBERT MCBAIN,A LIFE IN THE DAY OF A CYCLE COURIER,A FISH CALLED WANDA,33
11786,ROBBIE MCEWAN,Q7347455,ROBERT MCBAIN,TOIL AND TROUBLE,A FISH CALLED WANDA,29
11786,ROBBIE MCEWAN,Q7347230,ROBERT MACLEAN,A LIFE IN THE DAY OF A CYCLE COURIER,CRIMINAL LAW,29
11786,ROBBIE MCEWAN,Q7347230,ROBERT MACLEAN,TOIL AND TROUBLE,CRIMINAL LAW,29
11786,ROBBIE MCEWAN,Q913003,BRIAN ROBBINS,A LIFE IN THE DAY OF A CYCLE COURIER,MINDLESS BEHAVIOR: ALL AROUND THE WORLD,46
11786,ROBBIE MCEWAN,Q913003,BRIAN ROBBINS,TOIL AND TROUBLE,READY TO RUMBLE,52
11786,ROBBIE MCEWAN,Q2918438,ROB KAMAN,A LIFE IN THE DAY OF A CYCLE COURIER,BLOODFIST,18
11786,ROBBIE MCEWAN,Q2918438,ROB KAMAN,TOIL AND TROUBLE,MAXIMUM RISK,29
11786,ROBBIE MCEWAN,Q3434215,ROB MORAN,A LIFE IN THE DAY OF A CYCLE COURIER,THERE'S SOMETHING ABOUT MARY,41
11786,ROBBIE MCEWAN,Q3434215,ROB MORAN,TOIL AND TROUBLE,DUMB AND DUMBER,52
11786,ROBBIE MCEWAN,Q45538,ROBBIE BRADY,A LIFE IN THE DAY OF A CYCLE COURIER,NO TELLING,22
11786,ROBBIE MCEWAN,Q45538,ROBBIE BRADY,TOIL AND TROUBLE,NO TELLING,38
11786,ROBBIE MCEWAN,Q211040,ROSE MCGOWAN,A LIFE IN THE DAY OF A CYCLE COURIER,CONAN THE BARBARIAN,44
11786,ROBBIE MCEWAN,Q211040,ROSE MCGOWAN,TOIL AND TROUBLE,READY TO RUMBLE,52
11786,ROBBIE MCEWAN,Q1347030,ROBERT MCHENRY,A LIFE IN THE DAY OF A CYCLE COURIER,THE TRUTH ACCORDING TO WIKIPEDIA,44
11786,ROBBIE MCEWAN,Q1347030,ROBERT MCHENRY,TOIL AND TROUBLE,TOTALLY F***ED UP,45
11786,ROBBIE MCEWAN,Q693016,ROB BOWMAN,A LIFE IN THE DAY OF A CYCLE COURIER,REIGN OF FIRE,33
11786,ROBBIE MCEWAN,Q693016,ROB BOWMAN,TOIL AND TROUBLE,AIRBORNE,42
11786,ROBBIE MCEWAN,Q15436630,ROBIN MCKEE,A LIFE IN THE DAY OF A CYCLE COURIER,SPEED,15
11786,ROBBIE MCEWAN,Q15436630,ROBIN MCKEE,TOIL AND TROUBLE,SPEED,10
11786,ROBBIE MCEWAN,Q273720,ROBBI CHONG,A LIFE IN THE DAY OF A CYCLE COURIER,JIMMY HOLLYWOOD,20
11786,ROBBIE MCEWAN,Q273720,ROBBI CHONG,TOIL AND TROUBLE,JIMMY HOLLYWOOD,19
11786,ROBBIE MCEWAN,Q7347796,ROBERT MORGAN,A LIFE IN THE DAY OF A CYCLE COURIER,EVERYNIGHT ... EVERYNIGHT,28
11786,ROBBIE MCEWAN,Q7347796,ROBERT MORGAN,TOIL AND TROUBLE,CUT SNAKE,24
11786,ROBBIE MCEWAN,Q7340050,ROB COWAN,A LIFE IN THE DAY OF A CYCLE COURIER,THE NET 2.0,34
11786,ROBBIE MCEWAN,Q7340050,ROB COWAN,TOIL AND TROUBLE,THE NET,43
11786,ROBBIE MCEWAN,Q7352307,ROBIN CASS,A LIFE IN THE DAY OF A CYCLE COURIER,DOWN THE ROAD AGAIN,44
11786,ROBBIE MCEWAN,Q7352307,ROBIN CASS,TOIL AND TROUBLE,DOWN THE ROAD AGAIN,46
11786,ROBBIE MCEWAN,Q4289164,ROBERT MASON,A LIFE IN THE DAY OF A CYCLE COURIER,SOLO,15
11786,ROBBIE MCEWAN,Q4289164,ROBERT MASON,TOIL AND TROUBLE,SOLO,30
11786,ROBBIE MCEWAN,Q218228,ZOE MCLELLAN,A LIFE IN THE DAY OF A CYCLE COURIER,INVENTING THE ABBOTTS,35
11786,ROBBIE MCEWAN,Q218228,ZOE MCLELLAN,TOIL AND TROUBLE,ONE FALL,42
11786,ROBBIE MCEWAN,Q36841706,ROBERT MALENFANT,A LIFE IN THE DAY OF A CYCLE COURIER,THE NIGHT CALLER,38
11786,ROBBIE MCEWAN,Q36841706,ROBERT MALENFANT,TOIL AND TROUBLE,THE LANDLADY,50
11786,ROBBIE MCEWAN,Q56842289,ROBIN FORMAN,A LIFE IN THE DAY OF A CYCLE COURIER,CLONED,19
11786,ROBBIE MCEWAN,Q56842289,ROBIN FORMAN,TOIL AND TROUBLE,CLONED,27
11786,ROBBIE MCEWAN,Q7343999,ROBERT EEN,A LIFE IN THE DAY OF A CYCLE COURIER,MR. JEALOUSY,21
11786,ROBBIE MCEWAN,Q7343999,ROBERT EEN,TOIL AND TROUBLE,MR. JEALOUSY,30
11786,ROBBIE MCEWAN,Q7340933,ROBBIE KONDOR,A LIFE IN THE DAY OF A CYCLE COURIER,FOREVER FABULOUS,27
11786,ROBBIE MCEWAN,Q7340933,ROBBIE KONDOR,TOIL AND TROUBLE,FOREVER FABULOUS,31
11786,ROBBIE MCEWAN,Q21517689,ROB EVANS,A LIFE IN THE DAY OF A CYCLE COURIER,THE HURRICANE,45
11786,ROBBIE MCEWAN,Q21517689,ROB EVANS,TOIL AND TROUBLE,THE HURRICANE,34
11786,ROBBIE MCEWAN,Q3438492,RODRIGUE JEAN,A LIFE IN THE DAY OF A CYCLE COURIER,LOVE IN THE TIME OF CIVIL WAR,49
11786,ROBBIE MCEWAN,Q3438492,RODRIGUE JEAN,TOIL AND TROUBLE,FULL BLAST,38
11786,ROBBIE MCEWAN,Q1432211,ROBERT NORMAN,A LIFE IN THE DAY OF A CYCLE COURIER,MY LIFE SO FAR,36
11786,ROBBIE MCEWAN,Q1432211,ROBERT NORMAN,TOIL AND TROUBLE,MY LIFE SO FAR,33
11786,ROBBIE MCEWAN,Q167774,ROBBIE GEE,A LIFE IN THE DAY OF A CYCLE COURIER,PIRATES OF THE CARIBBEAN: DEAD MAN'S CHEST,52
11786,ROBBIE MCEWAN,Q167774,ROBBIE GEE,TOIL AND TROUBLE,UNDERWORLD,38
11786,ROBBIE MCEWAN,Q635915,ROBBIE MAGASIVA,A LIFE IN THE DAY OF A CYCLE COURIER,IN HER LINE OF FIRE,51
11786,ROBBIE MCEWAN,Q635915,ROBBIE MAGASIVA,TOIL AND TROUBLE,THE TATTOOIST,48
11786,ROBBIE MCEWAN,Q7347561,ROBERT MCLACHLAN,A LIFE IN THE DAY OF A CYCLE COURIER,THE ONE,33
11786,ROBBIE MCEWAN,Q7347561,ROBERT MCLACHLAN,TOIL AND TROUBLE,DRAGONBALL EVOLUTION,39
11786,ROBBIE MCEWAN,Q27922193,GIMENA NOBILE,A LIFE IN THE DAY OF A CYCLE COURIER,SON OF THE BRIDE,42
11786,ROBBIE MCEWAN,Q27922193,GIMENA NOBILE,TOIL AND TROUBLE,SON OF THE BRIDE,38
11786,ROBBIE MCEWAN,Q5569072,GLENN ROBBINS,A LIFE IN THE DAY OF A CYCLE COURIER,KATH & KIMDERELLA,27
11786,ROBBIE MCEWAN,Q5569072,GLENN ROBBINS,TOIL AND TROUBLE,KATH & KIMDERELLA,32
11786,ROBBIE MCEWAN,Q21518485,DAN ROBBERTSE,A LIFE IN THE DAY OF A CYCLE COURIER,GOODBYE BAFANA,28
11786,ROBBIE MCEWAN,Q21518485,DAN ROBBERTSE,TOIL AND TROUBLE,GOODBYE BAFANA,47
11786,ROBBIE MCEWAN,Q16980096,ROBERT MORGAN,A LIFE IN THE DAY OF A CYCLE COURIER,BOBBY YEAH,26
11786,ROBBIE MCEWAN,Q16980096,ROBERT MORGAN,TOIL AND TROUBLE,MONSTERS,25
11786,ROBBIE MCEWAN,Q1491825,MOCEAN WORKER,A LIFE IN THE DAY OF A CYCLE COURIER,CRAZY LITTLE THING,41
11786,ROBBIE MCEWAN,Q1491825,MOCEAN WORKER,TOIL AND TROUBLE,THE DOE BOY,37
11786,ROBBIE MCEWAN,Q4101387,ROBIN BAIN,A LIFE IN THE DAY OF A CYCLE COURIER,BUCKY LARSON: BORN TO BE A STAR,42
11786,ROBBIE MCEWAN,Q4101387,ROBIN BAIN,TOIL AND TROUBLE,PAPER DOLL,38
11786,ROBBIE MCEWAN,Q7323224,RICH COWAN,A LIFE IN THE DAY OF A CYCLE COURIER,THE RIVER MURDERS,42
11786,ROBBIE MCEWAN,Q7323224,RICH COWAN,TOIL AND TROUBLE,THE BIG BANG,50
11786,ROBBIE MCEWAN,Q1768636,ROVE MCMANUS,A LIFE IN THE DAY OF A CYCLE COURIER,THE WANNABES,21
11786,ROBBIE MCEWAN,Q1768636,ROVE MCMANUS,TOIL AND TROUBLE,THE WANNABES,29
11786,ROBBIE MCEWAN,Q469579,MIRCEA MONROE,A LIFE IN THE DAY OF A CYCLE COURIER,NO MAN'S LAND: THE RISE OF REEKER,47
11786,ROBBIE MCEWAN,Q469579,MIRCEA MONROE,TOIL AND TROUBLE,SLIGHTLY SINGLE IN L.A.,42
11786,ROBBIE MCEWAN,Q4145316,EILA ROINE,A LIFE IN THE DAY OF A CYCLE COURIER,SKAVABOLEN POJAT,27
11786,ROBBIE MCEWAN,Q4145316,EILA ROINE,TOIL AND TROUBLE,TRENCH ROAD,44
11786,ROBBIE MCEWAN,Q66625124,ROSE EVANS,A LIFE IN THE DAY OF A CYCLE COURIER,"FATIMA, THE ALGERIAN WOMAN OF DAKAR",43
11786,ROBBIE MCEWAN,Q66625124,ROSE EVANS,TOIL AND TROUBLE,"FATIMA, THE ALGERIAN WOMAN OF DAKAR",36
11786,ROBBIE MCEWAN,Q926420,ROBBIE AMELL,A LIFE IN THE DAY OF A CYCLE COURIER,CHEAPER BY THE DOZEN 2,41
11786,ROBBIE MCEWAN,Q926420,ROBBIE AMELL,TOIL AND TROUBLE,LEFT FOR DEAD,48
11786,ROBBIE MCEWAN,Q2159870,ROBIN REHMANN,A LIFE IN THE DAY OF A CYCLE COURIER,DAS FRAULEIN,33
11786,ROBBIE MCEWAN,Q2159870,ROBIN REHMANN,TOIL AND TROUBLE,DAS FRAULEIN,43
11786,ROBBIE MCEWAN,Q4761237,ANDY ROBIN,A LIFE IN THE DAY OF A CYCLE COURIER,LIVE FREE OR DIE,38
11786,ROBBIE MCEWAN,Q4761237,ANDY ROBIN,TOIL AND TROUBLE,LIVE FREE OR DIE,38
11786,ROBBIE MCEWAN,Q25112678,ROBBIE GREENBERG,A LIFE IN THE DAY OF A CYCLE COURIER,THE SANTA CLAUSE 3: THE ESCAPE CLAUSE,50
11786,ROBBIE MCEWAN,Q25112678,ROBBIE GREENBERG,TOIL AND TROUBLE,THE SANTA CLAUSE 3: THE ESCAPE CLAUSE,27
11786,ROBBIE MCEWAN,Q4275835,ROBIN MCLEAVY,A LIFE IN THE DAY OF A CYCLE COURIER,THE LOVED ONES,40
11786,ROBBIE MCEWAN,Q4275835,ROBIN MCLEAVY,TOIL AND TROUBLE,THE LOVED ONES,40
11786,ROBBIE MCEWAN,Q4280519,ROBERT MANN,A LIFE IN THE DAY OF A CYCLE COURIER,THE PUMPKIN KARVER,41
11786,ROBBIE MCEWAN,Q4280519,ROBERT MANN,TOIL AND TROUBLE,THE PUMPKIN KARVER,35
11786,ROBBIE MCEWAN,Q20649670,ROBERT MAY,A LIFE IN THE DAY OF A CYCLE COURIER,THE WAR TAPES,24
11786,ROBBIE MCEWAN,Q20649670,ROBERT MAY,TOIL AND TROUBLE,THE WAR TAPES,34
11786,ROBBIE MCEWAN,Q1320466,ROBBIE JARVIS,A LIFE IN THE DAY OF A CYCLE COURIER,HARRY POTTER AND THE ORDER OF THE PHOENIX,47
11786,ROBBIE MCEWAN,Q1320466,ROBBIE JARVIS,TOIL AND TROUBLE,HARRY POTTER AND THE ORDER OF THE PHOENIX,35
11786,ROBBIE MCEWAN,Q51138148,ROBBIE BRYAN,A LIFE IN THE DAY OF A CYCLE COURIER,THE MAN FROM EARTH,37
11786,ROBBIE MCEWAN,Q51138148,ROBBIE BRYAN,TOIL AND TROUBLE,THE MAN FROM EARTH,35
11786,ROBBIE MCEWAN,Q2156920,ROBERT DUNCAN,A LIFE IN THE DAY OF A CYCLE COURIER,BUTTERFLY ON A WHEEL,43
11786,ROBBIE MCEWAN,Q2156920,ROBERT DUNCAN,TOIL AND TROUBLE,THE ENTITLED,50
11786,ROBBIE MCEWAN,Q4207040,ROBBIE KAY,A LIFE IN THE DAY OF A CYCLE COURIER,WAYS TO LIVE FOREVER,39
11786,ROBBIE MCEWAN,Q4207040,ROBBIE KAY,TOIL AND TROUBLE,HANNIBAL RISING,39
11786,ROBBIE MCEWAN,Q59631631,MALEA ROSE,A LIFE IN THE DAY OF A CYCLE COURIER,THINK LIKE A MAN TOO,39
11786,ROBBIE MCEWAN,Q59631631,MALEA ROSE,TOIL AND TROUBLE,THINK LIKE A MAN TOO,44
11786,ROBBIE MCEWAN,Q7352559,ROBIN INCE,A LIFE IN THE DAY OF A CYCLE COURIER,RAZZLE DAZZLE: A JOURNEY INTO DANCE,43
11786,ROBBIE MCEWAN,Q7352559,ROBIN INCE,TOIL AND TROUBLE,RAZZLE DAZZLE: A JOURNEY INTO DANCE,44
11786,ROBBIE MCEWAN,Q1919005,MELANIE ROHDE,A LIFE IN THE DAY OF A CYCLE COURIER,AUTISTIC DISCO,32
11786,ROBBIE MCEWAN,Q1919005,MELANIE ROHDE,TOIL AND TROUBLE,AUTISTIC DISCO,33
11786,ROBBIE MCEWAN,Q5515586,GABRIEL COWAN,A LIFE IN THE DAY OF A CYCLE COURIER,FLOWER IN THE GUN BARREL,47
11786,ROBBIE MCEWAN,Q5515586,GABRIEL COWAN,TOIL AND TROUBLE,BAD MILO!,50
11786,ROBBIE MCEWAN,Q2170294,ROBBIE CLEIREN,A LIFE IN THE DAY OF A CYCLE COURIER,THE BROKEN CIRCLE BREAKDOWN,41
11786,ROBBIE MCEWAN,Q2170294,ROBBIE CLEIREN,TOIL AND TROUBLE,THE BROKEN CIRCLE BREAKDOWN,42
11786,ROBBIE MCEWAN,Q95841555,ROB MORELAND,A LIFE IN THE DAY OF A CYCLE COURIER,SPACE CHIMPS,21
11786,ROBBIE MCEWAN,Q95841555,ROB MORELAND,TOIL AND TROUBLE,SPACE CHIMPS,21
11786,ROBBIE MCEWAN,Q3938927,ROBERTO MANNI,A LIFE IN THE DAY OF A CYCLE COURIER,RIPRENDIMI,30
11786,ROBBIE MCEWAN,Q3938927,ROBERTO MANNI,TOIL AND TROUBLE,RIPRENDIMI,23
11786,ROBBIE MCEWAN,Q14283096,ROBIN MARTENS,A LIFE IN THE DAY OF A CYCLE COURIER,Q4504012,0
11786,ROBBIE MCEWAN,Q14283096,ROBIN MARTENS,TOIL AND TROUBLE,Q4504012,0
11786,ROBBIE MCEWAN,Q1321271,ROBERT CAPRON,A LIFE IN THE DAY OF A CYCLE COURIER,DIARY OF A WIMPY KID: DOG DAYS,46
11786,ROBBIE MCEWAN,Q1321271,ROBERT CAPRON,TOIL AND TROUBLE,HACHI: A DOG'S TALE,47
11786,ROBBIE MCEWAN,Q72978866,ROB COWAN,A LIFE IN THE DAY OF A CYCLE COURIER,MESSAGES DELETED,27
11786,ROBBIE MCEWAN,Q72978866,ROB COWAN,TOIL AND TROUBLE,MESSAGES DELETED,25
11786,ROBBIE MCEWAN,Q7352328,ROBIN COLEMAN,A LIFE IN THE DAY OF A CYCLE COURIER,MADEA GOES TO JAIL,33
11786,ROBBIE MCEWAN,Q7352328,ROBIN COLEMAN,TOIL AND TROUBLE,MADEA GOES TO JAIL,35
11786,ROBBIE MCEWAN,Q1894212,ROBBIE JONES,A LIFE IN THE DAY OF A CYCLE COURIER,TEMPTATION: CONFESSIONS OF A MARRIAGE COUNSELOR,44
11786,ROBBIE MCEWAN,Q1894212,ROBBIE JONES,TOIL AND TROUBLE,TEMPTATION: CONFESSIONS OF A MARRIAGE COUNSELOR,29
11786,ROBBIE MCEWAN,Q7306640,REED COWAN,A LIFE IN THE DAY OF A CYCLE COURIER,8: THE MORMON PROPOSITION,37
11786,ROBBIE MCEWAN,Q7306640,REED COWAN,TOIL AND TROUBLE,8: THE MORMON PROPOSITION,35
11786,ROBBIE MCEWAN,Q6109637,ROBERTO CANO,A LIFE IN THE DAY OF A CYCLE COURIER,FEDERAL,19
11786,ROBBIE MCEWAN,Q6109637,ROBERTO CANO,TOIL AND TROUBLE,FEDERAL,26
11786,ROBBIE MCEWAN,Q62047718,ROBBIE PICKERING,A LIFE IN THE DAY OF A CYCLE COURIER,FREAKS OF NATURE,35
11786,ROBBIE MCEWAN,Q62047718,ROBBIE PICKERING,TOIL AND TROUBLE,NATURAL SELECTION,36
11786,ROBBIE MCEWAN,Q29110530,ROBBIE FOX,A LIFE IN THE DAY OF A CYCLE COURIER,PLAYING THE FIELD,45
11786,ROBBIE MCEWAN,Q29110530,ROBBIE FOX,TOIL AND TROUBLE,PLAYING THE FIELD,36
11786,ROBBIE MCEWAN,Q65115959,JEAN-YVES ROUBIN,A LIFE IN THE DAY OF A CYCLE COURIER,BEYOND THE WALLS,27
11786,ROBBIE MCEWAN,Q65115959,JEAN-YVES ROUBIN,TOIL AND TROUBLE,BEYOND THE WALLS,38
11786,ROBBIE MCEWAN,Q2363100,ROBERT BEVAN,A LIFE IN THE DAY OF A CYCLE COURIER,WELCOME TO THE JUNGLE,32
11786,ROBBIE MCEWAN,Q2363100,ROBERT BEVAN,TOIL AND TROUBLE,WELCOME TO THE JUNGLE,43
11786,ROBBIE MCEWAN,Q24905230,ROBERT MULLAN,A LIFE IN THE DAY OF A CYCLE COURIER,MAD TO BE NORMAL,35
11786,ROBBIE MCEWAN,Q24905230,ROBERT MULLAN,TOIL AND TROUBLE,MAD TO BE NORMAL,50
11786,ROBBIE MCEWAN,Q18352060,MANAS ROBIN,A LIFE IN THE DAY OF A CYCLE COURIER,JILMIL JONAK,25
11786,ROBBIE MCEWAN,Q18352060,MANAS ROBIN,TOIL AND TROUBLE,JILMIL JONAK,29
11786,ROBBIE MCEWAN,Q3424647,ROBERT F. CHEW,A LIFE IN THE DAY OF A CYCLE COURIER,JAMESY BOY,22
11786,ROBBIE MCEWAN,Q3424647,ROBERT F. CHEW,TOIL AND TROUBLE,JAMESY BOY,23
11786,ROBBIE MCEWAN,Q8267545,ROSE CHAN,A LIFE IN THE DAY OF A CYCLE COURIER,UNBEATABLE YOUTH,35
11786,ROBBIE MCEWAN,Q8267545,ROSE CHAN,TOIL AND TROUBLE,UNBEATABLE YOUTH,38
11786,ROBBIE MCEWAN,Q7340955,ROBBIE MORRISON,A LIFE IN THE DAY OF A CYCLE COURIER,NARCOPOLIS,22
11786,ROBBIE MCEWAN,Q7340955,ROBBIE MORRISON,TOIL AND TROUBLE,NARCOPOLIS,31
11786,ROBBIE MCEWAN,Q53366576,ROBERT MANSON,A LIFE IN THE DAY OF A CYCLE COURIER,LOST IN THE LIVING,44
11786,ROBBIE MCEWAN,Q53366576,ROBERT MANSON,TOIL AND TROUBLE,LOST IN THE LIVING,41
11786,ROBBIE MCEWAN,Q24706330,ROBBIE FRASER,A LIFE IN THE DAY OF A CYCLE COURIER,HAMISH,14
11786,ROBBIE MCEWAN,Q24706330,ROBBIE FRASER,TOIL AND TROUBLE,HAMISH,18
11786,ROBBIE MCEWAN,Q26829901,REBBIE RATNER,A LIFE IN THE DAY OF A CYCLE COURIER,BORDERLINE,35
11786,ROBBIE MCEWAN,Q26829901,REBBIE RATNER,TOIL AND TROUBLE,BORDERLINE,31
11786,ROBBIE MCEWAN,Q24589340,ROBERT CANNAN,A LIFE IN THE DAY OF A CYCLE COURIER,THE LOVERS AND THE DESPOT,39
11786,ROBBIE MCEWAN,Q24589340,ROBERT CANNAN,TOIL AND TROUBLE,THE LOVERS AND THE DESPOT,44
11786,ROBBIE MCEWAN,Q11719470,JAN WROBEL,A LIFE IN THE DAY OF A CYCLE COURIER,Q30906249,0
11786,ROBBIE MCEWAN,Q11719470,JAN WROBEL,TOIL AND TROUBLE,Q30906249,0
11786,ROBBIE MCEWAN,Q3170199,JEAN-YVES ROBIN,A LIFE IN THE DAY OF A CYCLE COURIER,REVENGE,23
11786,ROBBIE MCEWAN,Q3170199,JEAN-YVES ROBIN,TOIL AND TROUBLE,REVENGE,17
11786,ROBBIE MCEWAN,Q99194390,ROBBIE CULLEY,A LIFE IN THE DAY OF A CYCLE COURIER,MAMMA MIA! HERE WE GO AGAIN,42
11786,ROBBIE MCEWAN,Q99194390,ROBBIE CULLEY,TOIL AND TROUBLE,MAMMA MIA! HERE WE GO AGAIN,33
11786,ROBBIE MCEWAN,Q27044068,ROB MORGAN,A LIFE IN THE DAY OF A CYCLE COURIER,THE LAST BLACK MAN IN SAN FRANCISCO,45
11786,ROBBIE MCEWAN,Q27044068,ROB MORGAN,TOIL AND TROUBLE,MONSTERS AND MEN,44
11786,ROBBIE MCEWAN,Q254827,RONNIE COLEMAN,A LIFE IN THE DAY OF A CYCLE COURIER,RONNIE COLEMAN: THE KING,51
11786,ROBBIE MCEWAN,Q254827,RONNIE COLEMAN,TOIL AND TROUBLE,RONNIE COLEMAN: THE KING,41
11786,ROBBIE MCEWAN,Q88965622,ROBERT EVANS,A LIFE IN THE DAY OF A CYCLE COURIER,SEVEN STAGES TO ACHIEVE ETERNAL BLISS,38
11786,ROBBIE MCEWAN,Q88965622,ROBERT EVANS,TOIL AND TROUBLE,SEVEN STAGES TO ACHIEVE ETERNAL BLISS,30
11786,ROBBIE MCEWAN,Q47508276,MILES ROBBINS,A LIFE IN THE DAY OF A CYCLE COURIER,DANIEL ISN'T REAL,42
11786,ROBBIE MCEWAN,Q47508276,MILES ROBBINS,TOIL AND TROUBLE,DANIEL ISN'T REAL,42
11786,ROBBIE MCEWAN,Q17581437,ROBBIE DAYMOND,A LIFE IN THE DAY OF A CYCLE COURIER,MARVEL RISING: HEART OF IRON,35
11786,ROBBIE MCEWAN,Q17581437,ROBBIE DAYMOND,TOIL AND TROUBLE,MARVEL RISING: HEART OF IRON,28
11786,ROBBIE MCEWAN,Q61116715,ROPIE CECUPAK,A LIFE IN THE DAY OF A CYCLE COURIER,JANGAN TAKUT: KAU TAKUT AKU PUN TAKUT,31
11786,ROBBIE MCEWAN,Q61116715,ROPIE CECUPAK,TOIL AND TROUBLE,JANGAN TAKUT: KAU TAKUT AKU PUN TAKUT,27
