acmi_id,acmi_name,wikidata_id,wikidata_name,acmi_title,wikidata_title,match
74157,JOANNE M MOCK,Q3367008,JEANINE MASON,WHAT CAN WE DO?,CHRISTMAS ON THE SQUARE,43
74157,JOANNE M MOCK,Q3367008,JEANINE MASON,WHAT SOME COMMUNITIES ARE DOING,CHRISTMAS ON THE SQUARE,44
74157,JOANNE M MOCK,Q3367008,JEANINE MASON,DRUGS AND THE VERY YOUNG,CHRISTMAS ON THE SQUARE,34
74157,JOANNE M MOCK,Q3367008,JEANINE MASON,DRUGS IN OUR TIME,CHRISTMAS ON THE SQUARE,50
74157,JOANNE M MOCK,Q3367008,JEANINE MASON,DRUGS: THE CHILDREN ARE CHOOSING - THE NEED FOR DIALOGUE,CHRISTMAS ON THE SQUARE,39
74157,JOANNE M MOCK,Q3367008,JEANINE MASON,THE PHARMACOLOGY OF DRUGS,CHRISTMAS ON THE SQUARE,46
74157,JOANNE M MOCK,Q3367008,JEANINE MASON,THE ALLURE OF DRUGS,CHRISTMAS ON THE SQUARE,38
74157,JOANNE M MOCK,Q82022,JAN NEMEC,WHAT CAN WE DO?,HEART BEAT 3D,52
74157,JOANNE M MOCK,Q82022,JAN NEMEC,WHAT SOME COMMUNITIES ARE DOING,DIAMONDS OF THE NIGHT,42
74157,JOANNE M MOCK,Q82022,JAN NEMEC,DRUGS AND THE VERY YOUNG,THE WOLF FROM ROYAL VINEYARD STREET,44
74157,JOANNE M MOCK,Q82022,JAN NEMEC,DRUGS IN OUR TIME,DIAMONDS OF THE NIGHT,47
74157,JOANNE M MOCK,Q82022,JAN NEMEC,DRUGS: THE CHILDREN ARE CHOOSING - THE NEED FOR DIALOGUE,BOHEMIA DOCTA OR THE LABYRINTH OF THE WORLD AND THE LUST-HOUSE OF THE HEART,48
74157,JOANNE M MOCK,Q82022,JAN NEMEC,THE PHARMACOLOGY OF DRUGS,PEARLS OF THE DEEP,60
74157,JOANNE M MOCK,Q82022,JAN NEMEC,THE ALLURE OF DRUGS,DIAMONDS OF THE NIGHT,50
74157,JOANNE M MOCK,Q122041,MANFRED MOCK,WHAT CAN WE DO?,THE STATE I AM IN,39
74157,JOANNE M MOCK,Q122041,MANFRED MOCK,WHAT SOME COMMUNITIES ARE DOING,THE STATE I AM IN,46
74157,JOANNE M MOCK,Q122041,MANFRED MOCK,DRUGS AND THE VERY YOUNG,BEAR YE ONE ANOTHER'S BURDEN,42
74157,JOANNE M MOCK,Q122041,MANFRED MOCK,DRUGS IN OUR TIME,THE STATE I AM IN,41
74157,JOANNE M MOCK,Q122041,MANFRED MOCK,DRUGS: THE CHILDREN ARE CHOOSING - THE NEED FOR DIALOGUE,THE STATE I AM IN,40
74157,JOANNE M MOCK,Q122041,MANFRED MOCK,THE PHARMACOLOGY OF DRUGS,THE STATE I AM IN,33
74157,JOANNE M MOCK,Q122041,MANFRED MOCK,THE ALLURE OF DRUGS,ALLES AUF ZUCKER!,51
74157,JOANNE M MOCK,Q2754439,ANNIE MUMOLO,WHAT CAN WE DO?,AFTERNOON DELIGHT,45
74157,JOANNE M MOCK,Q2754439,ANNIE MUMOLO,WHAT SOME COMMUNITIES ARE DOING,AFTERNOON DELIGHT,42
74157,JOANNE M MOCK,Q2754439,ANNIE MUMOLO,DRUGS AND THE VERY YOUNG,AFTERNOON DELIGHT,34
74157,JOANNE M MOCK,Q2754439,ANNIE MUMOLO,DRUGS IN OUR TIME,CLIFFORD THE BIG RED DOG,44
74157,JOANNE M MOCK,Q2754439,ANNIE MUMOLO,DRUGS: THE CHILDREN ARE CHOOSING - THE NEED FOR DIALOGUE,CLIFFORD THE BIG RED DOG,42
74157,JOANNE M MOCK,Q2754439,ANNIE MUMOLO,THE PHARMACOLOGY OF DRUGS,CLIFFORD THE BIG RED DOG,41
74157,JOANNE M MOCK,Q2754439,ANNIE MUMOLO,THE ALLURE OF DRUGS,CLIFFORD THE BIG RED DOG,47
74157,JOANNE M MOCK,Q11718438,JAN MONCZKA,WHAT CAN WE DO?,THE PAINTED BIRD,33
74157,JOANNE M MOCK,Q11718438,JAN MONCZKA,WHAT SOME COMMUNITIES ARE DOING,BROKEN PROMISE,36
74157,JOANNE M MOCK,Q11718438,JAN MONCZKA,DRUGS AND THE VERY YOUNG,THE PAINTED BIRD,35
74157,JOANNE M MOCK,Q11718438,JAN MONCZKA,DRUGS IN OUR TIME,THE PAINTED BIRD,42
74157,JOANNE M MOCK,Q11718438,JAN MONCZKA,DRUGS: THE CHILDREN ARE CHOOSING - THE NEED FOR DIALOGUE,THE PAINTED BIRD,32
74157,JOANNE M MOCK,Q11718438,JAN MONCZKA,THE PHARMACOLOGY OF DRUGS,THE PAINTED BIRD,39
74157,JOANNE M MOCK,Q11718438,JAN MONCZKA,THE ALLURE OF DRUGS,THE PAINTED BIRD,40
74157,JOANNE M MOCK,Q470104,JOHNNIE TO,WHAT CAN WE DO?,DON'T GO BREAKING MY HEART,50
74157,JOANNE M MOCK,Q470104,JOHNNIE TO,WHAT SOME COMMUNITIES ARE DOING,A MOMENT OF ROMANCE,48
74157,JOANNE M MOCK,Q470104,JOHNNIE TO,DRUGS AND THE VERY YOUNG,A HERO NEVER DIES,54
74157,JOANNE M MOCK,Q470104,JOHNNIE TO,DRUGS IN OUR TIME,RUNNING OUT OF TIME 2,53
74157,JOANNE M MOCK,Q470104,JOHNNIE TO,DRUGS: THE CHILDREN ARE CHOOSING - THE NEED FOR DIALOGUE,SEPTET: THE STORY OF HONG KONG,44
74157,JOANNE M MOCK,Q470104,JOHNNIE TO,THE PHARMACOLOGY OF DRUGS,THE STORY OF MY SON,50
74157,JOANNE M MOCK,Q470104,JOHNNIE TO,THE ALLURE OF DRUGS,THE BARE-FOOTED KID,53
74157,JOANNE M MOCK,Q38052661,JOHANNES RICH,WHAT CAN WE DO?,Q20728787,0
74157,JOANNE M MOCK,Q38052661,JOHANNES RICH,WHAT SOME COMMUNITIES ARE DOING,Q20728787,0
74157,JOANNE M MOCK,Q38052661,JOHANNES RICH,DRUGS AND THE VERY YOUNG,Q20728787,0
74157,JOANNE M MOCK,Q38052661,JOHANNES RICH,DRUGS IN OUR TIME,Q20728787,0
74157,JOANNE M MOCK,Q38052661,JOHANNES RICH,DRUGS: THE CHILDREN ARE CHOOSING - THE NEED FOR DIALOGUE,Q20728787,0
74157,JOANNE M MOCK,Q38052661,JOHANNES RICH,THE PHARMACOLOGY OF DRUGS,Q20728787,0
74157,JOANNE M MOCK,Q38052661,JOHANNES RICH,THE ALLURE OF DRUGS,Q20728787,0
74157,JOANNE M MOCK,Q3161885,JANE NOVAK,WHAT CAN WE DO?,THE CLAWS OF THE HUN,53
74157,JOANNE M MOCK,Q3161885,JANE NOVAK,WHAT SOME COMMUNITIES ARE DOING,THE FILE ON THELMA JORDON,43
74157,JOANNE M MOCK,Q3161885,JANE NOVAK,DRUGS AND THE VERY YOUNG,THREE WORD BRAND,50
74157,JOANNE M MOCK,Q3161885,JANE NOVAK,DRUGS IN OUR TIME,THE TEMPLE OF DUSK,51
74157,JOANNE M MOCK,Q3161885,JANE NOVAK,DRUGS: THE CHILDREN ARE CHOOSING - THE NEED FOR DIALOGUE,THE FILE ON THELMA JORDON,46
74157,JOANNE M MOCK,Q3161885,JANE NOVAK,THE PHARMACOLOGY OF DRUGS,THE TEMPLE OF DUSK,60
74157,JOANNE M MOCK,Q3161885,JANE NOVAK,THE ALLURE OF DRUGS,THE LURE OF THE WILD,56
74157,JOANNE M MOCK,Q4766589,ANN MURDOCK,WHAT CAN WE DO?,THE BEAUTIFUL ADVENTURE,32
74157,JOANNE M MOCK,Q4766589,ANN MURDOCK,WHAT SOME COMMUNITIES ARE DOING,THE BEAUTIFUL ADVENTURE,33
74157,JOANNE M MOCK,Q4766589,ANN MURDOCK,DRUGS AND THE VERY YOUNG,THE BEAUTIFUL ADVENTURE,34
74157,JOANNE M MOCK,Q4766589,ANN MURDOCK,DRUGS IN OUR TIME,THE IMPOSTOR,41
74157,JOANNE M MOCK,Q4766589,ANN MURDOCK,DRUGS: THE CHILDREN ARE CHOOSING - THE NEED FOR DIALOGUE,THE BEAUTIFUL ADVENTURE,34
74157,JOANNE M MOCK,Q4766589,ANN MURDOCK,THE PHARMACOLOGY OF DRUGS,THE BEAUTIFUL ADVENTURE,38
74157,JOANNE M MOCK,Q4766589,ANN MURDOCK,THE ALLURE OF DRUGS,THE BEAUTIFUL ADVENTURE,52
74157,JOANNE M MOCK,Q6205230,JOAN LOCKTON,WHAT CAN WE DO?,A WOMAN REDEEMED,47
74157,JOANNE M MOCK,Q6205230,JOAN LOCKTON,WHAT SOME COMMUNITIES ARE DOING,A WOMAN REDEEMED,43
74157,JOANNE M MOCK,Q6205230,JOAN LOCKTON,DRUGS AND THE VERY YOUNG,THE SINS YE DO,47
74157,JOANNE M MOCK,Q6205230,JOAN LOCKTON,DRUGS IN OUR TIME,THE KING'S HIGHWAY,46
74157,JOANNE M MOCK,Q6205230,JOAN LOCKTON,DRUGS: THE CHILDREN ARE CHOOSING - THE NEED FOR DIALOGUE,THE SINS YE DO,36
74157,JOANNE M MOCK,Q6205230,JOAN LOCKTON,THE PHARMACOLOGY OF DRUGS,THE KING'S HIGHWAY,37
74157,JOANNE M MOCK,Q6205230,JOAN LOCKTON,THE ALLURE OF DRUGS,THE KING'S HIGHWAY,43
74157,JOANNE M MOCK,Q1691570,JOE ROCK,WHAT CAN WE DO?,DR. PYCKLE AND MR. PRYDE,39
74157,JOANNE M MOCK,Q1691570,JOE ROCK,WHAT SOME COMMUNITIES ARE DOING,BOYS WILL BE GIRLS,37
74157,JOANNE M MOCK,Q1691570,JOE ROCK,DRUGS AND THE VERY YOUNG,DR. PYCKLE AND MR. PRYDE,52
74157,JOANNE M MOCK,Q1691570,JOE ROCK,DRUGS IN OUR TIME,MARRY THE GIRL,45
74157,JOANNE M MOCK,Q1691570,JOE ROCK,DRUGS: THE CHILDREN ARE CHOOSING - THE NEED FOR DIALOGUE,THE MAN BEHIND THE MASK,45
74157,JOANNE M MOCK,Q1691570,JOE ROCK,THE PHARMACOLOGY OF DRUGS,THE EDGE OF THE WORLD,48
74157,JOANNE M MOCK,Q1691570,JOE ROCK,THE ALLURE OF DRUGS,THE EDGE OF THE WORLD,50
74157,JOANNE M MOCK,Q11978843,JOHANNE VOSS,WHAT CAN WE DO?,BALDEVINS BRYLLUP,26
74157,JOANNE M MOCK,Q11978843,JOHANNE VOSS,WHAT SOME COMMUNITIES ARE DOING,JEG DREPTE!,29
74157,JOANNE M MOCK,Q11978843,JOHANNE VOSS,DRUGS AND THE VERY YOUNG,JEG DREPTE!,41
74157,JOANNE M MOCK,Q11978843,JOHANNE VOSS,DRUGS IN OUR TIME,HIMMELURET,30
74157,JOANNE M MOCK,Q11978843,JOHANNE VOSS,DRUGS: THE CHILDREN ARE CHOOSING - THE NEED FOR DIALOGUE,BALDEVINS BRYLLUP,26
74157,JOANNE M MOCK,Q11978843,JOHANNE VOSS,THE PHARMACOLOGY OF DRUGS,JEG DREPTE!,29
74157,JOANNE M MOCK,Q11978843,JOHANNE VOSS,THE ALLURE OF DRUGS,HIMMELURET,34
74157,JOANNE M MOCK,Q1490055,MARCIA MAE JONES,WHAT CAN WE DO?,LET'S GO COLLEGIATE,42
74157,JOANNE M MOCK,Q1490055,MARCIA MAE JONES,WHAT SOME COMMUNITIES ARE DOING,THE LIFE OF EMILE ZOLA,42
74157,JOANNE M MOCK,Q1490055,MARCIA MAE JONES,DRUGS AND THE VERY YOUNG,HAUNTED HOUSE,38
74157,JOANNE M MOCK,Q1490055,MARCIA MAE JONES,DRUGS IN OUR TIME,NINE GIRLS,44
74157,JOANNE M MOCK,Q1490055,MARCIA MAE JONES,DRUGS: THE CHILDREN ARE CHOOSING - THE NEED FOR DIALOGUE,LET'S GO COLLEGIATE,39
74157,JOANNE M MOCK,Q1490055,MARCIA MAE JONES,THE PHARMACOLOGY OF DRUGS,THE DAUGHTER OF ROSIE O'GRADY,48
74157,JOANNE M MOCK,Q1490055,MARCIA MAE JONES,THE ALLURE OF DRUGS,THE LITTLE PRINCESS,53
74157,JOANNE M MOCK,Q111301,JOHANNES ROTH,WHAT CAN WE DO?,THE SECRET OF CAVELLI,46
74157,JOANNE M MOCK,Q111301,JOHANNES ROTH,WHAT SOME COMMUNITIES ARE DOING,ANTON THE LAST,40
74157,JOANNE M MOCK,Q111301,JOHANNES ROTH,DRUGS AND THE VERY YOUNG,ANTON THE LAST,42
74157,JOANNE M MOCK,Q111301,JOHANNES ROTH,DRUGS IN OUR TIME,DER HIMMEL AUF ERDEN,43
74157,JOANNE M MOCK,Q111301,JOHANNES ROTH,DRUGS: THE CHILDREN ARE CHOOSING - THE NEED FOR DIALOGUE,THE SECRET OF CAVELLI,41
74157,JOANNE M MOCK,Q111301,JOHANNES ROTH,THE PHARMACOLOGY OF DRUGS,"PETER VOSS, THIEF OF MILLIONS",42
74157,JOANNE M MOCK,Q111301,JOHANNES ROTH,THE ALLURE OF DRUGS,THE SECRET OF CAVELLI,50
74157,JOANNE M MOCK,Q76448825,JOHANNES MOLLER,WHAT CAN WE DO?,Q73988445,0
74157,JOANNE M MOCK,Q76448825,JOHANNES MOLLER,WHAT SOME COMMUNITIES ARE DOING,Q73988445,0
74157,JOANNE M MOCK,Q76448825,JOHANNES MOLLER,DRUGS AND THE VERY YOUNG,Q73988445,0
74157,JOANNE M MOCK,Q76448825,JOHANNES MOLLER,DRUGS IN OUR TIME,Q73988445,0
74157,JOANNE M MOCK,Q76448825,JOHANNES MOLLER,DRUGS: THE CHILDREN ARE CHOOSING - THE NEED FOR DIALOGUE,Q73988445,0
74157,JOANNE M MOCK,Q76448825,JOHANNES MOLLER,THE PHARMACOLOGY OF DRUGS,Q73988445,0
74157,JOANNE M MOCK,Q76448825,JOHANNES MOLLER,THE ALLURE OF DRUGS,Q73988445,0
74157,JOANNE M MOCK,Q255263,ANNE BRUCK,WHAT CAN WE DO?,CINDERELLA,42
74157,JOANNE M MOCK,Q255263,ANNE BRUCK,WHAT SOME COMMUNITIES ARE DOING,THE MILLIONAIRE,35
74157,JOANNE M MOCK,Q255263,ANNE BRUCK,DRUGS AND THE VERY YOUNG,DIE SUNDERIN,33
74157,JOANNE M MOCK,Q255263,ANNE BRUCK,DRUGS IN OUR TIME,DIE SUNDERIN,41
74157,JOANNE M MOCK,Q255263,ANNE BRUCK,DRUGS: THE CHILDREN ARE CHOOSING - THE NEED FOR DIALOGUE,THE MILLIONAIRE,32
74157,JOANNE M MOCK,Q255263,ANNE BRUCK,THE PHARMACOLOGY OF DRUGS,THE MILLIONAIRE,35
74157,JOANNE M MOCK,Q255263,ANNE BRUCK,THE ALLURE OF DRUGS,THE MILLIONAIRE,47
74157,JOANNE M MOCK,Q106099,JEANNE MOREAU,WHAT CAN WE DO?,GEBO AND THE SHADOW,55
74157,JOANNE M MOCK,Q106099,JEANNE MOREAU,WHAT SOME COMMUNITIES ARE DOING,DIALOGUE WITH THE CARMELITES,54
74157,JOANNE M MOCK,Q106099,JEANNE MOREAU,DRUGS AND THE VERY YOUNG,ONE HUNDRED AND ONE NIGHTS,52
74157,JOANNE M MOCK,Q106099,JEANNE MOREAU,DRUGS IN OUR TIME,DEAR LOUISE,50
74157,JOANNE M MOCK,Q106099,JEANNE MOREAU,DRUGS: THE CHILDREN ARE CHOOSING - THE NEED FOR DIALOGUE,DIALOGUE WITH THE CARMELITES,54
74157,JOANNE M MOCK,Q106099,JEANNE MOREAU,THE PHARMACOLOGY OF DRUGS,GEBO AND THE SHADOW,50
74157,JOANNE M MOCK,Q106099,JEANNE MOREAU,THE ALLURE OF DRUGS,THE LOVERS,55
74157,JOANNE M MOCK,Q6216844,JOHANNES MAROTT,WHAT CAN WE DO?,KAMPEN MOD URETTEN,44
74157,JOANNE M MOCK,Q6216844,JOHANNES MAROTT,WHAT SOME COMMUNITIES ARE DOING,STAB IN THE HEART,42
74157,JOANNE M MOCK,Q6216844,JOHANNES MAROTT,DRUGS AND THE VERY YOUNG,THE RICHEST GIRL IN THE WORLD,45
74157,JOANNE M MOCK,Q6216844,JOHANNES MAROTT,DRUGS IN OUR TIME,ENGLEN I SORT,47
74157,JOANNE M MOCK,Q6216844,JOHANNES MAROTT,DRUGS: THE CHILDREN ARE CHOOSING - THE NEED FOR DIALOGUE,THE RICHEST GIRL IN THE WORLD,41
74157,JOANNE M MOCK,Q6216844,JOHANNES MAROTT,THE PHARMACOLOGY OF DRUGS,STAB IN THE HEART,38
74157,JOANNE M MOCK,Q6216844,JOHANNES MAROTT,THE ALLURE OF DRUGS,KRUDT OG KLUNKER,46
74157,JOANNE M MOCK,Q12027513,JAN SMOK,WHAT CAN WE DO?,Q10857043,0
74157,JOANNE M MOCK,Q12027513,JAN SMOK,WHAT SOME COMMUNITIES ARE DOING,Q10857043,0
74157,JOANNE M MOCK,Q12027513,JAN SMOK,DRUGS AND THE VERY YOUNG,Q10857043,0
74157,JOANNE M MOCK,Q12027513,JAN SMOK,DRUGS IN OUR TIME,Q10857043,0
74157,JOANNE M MOCK,Q12027513,JAN SMOK,DRUGS: THE CHILDREN ARE CHOOSING - THE NEED FOR DIALOGUE,Q10857043,0
74157,JOANNE M MOCK,Q12027513,JAN SMOK,THE PHARMACOLOGY OF DRUGS,Q10857043,0
74157,JOANNE M MOCK,Q12027513,JAN SMOK,THE ALLURE OF DRUGS,Q10857043,0
74157,JOANNE M MOCK,Q1697813,JOHANNES KAI,WHAT CAN WE DO?,"SAND, LOVE AND SALT",50
74157,JOANNE M MOCK,Q1697813,JOHANNES KAI,WHAT SOME COMMUNITIES ARE DOING,THE FORGER OF LONDON,47
74157,JOANNE M MOCK,Q1697813,JOHANNES KAI,DRUGS AND THE VERY YOUNG,ALL THE SINS OF THE EARTH,41
74157,JOANNE M MOCK,Q1697813,JOHANNES KAI,DRUGS IN OUR TIME,THE FORGER OF LONDON,49
74157,JOANNE M MOCK,Q1697813,JOHANNES KAI,DRUGS: THE CHILDREN ARE CHOOSING - THE NEED FOR DIALOGUE,ALL THE SINS OF THE EARTH,44
74157,JOANNE M MOCK,Q1697813,JOHANNES KAI,THE PHARMACOLOGY OF DRUGS,THE BLACK PANTHER OF RATANA,46
74157,JOANNE M MOCK,Q1697813,JOHANNES KAI,THE ALLURE OF DRUGS,THE FORGER OF LONDON,56
74157,JOANNE M MOCK,Q1698013,JOHANNES MAUS,WHAT CAN WE DO?,THE ADVENTURES OF WERNER HOLT,37
74157,JOANNE M MOCK,Q1698013,JOHANNES MAUS,WHAT SOME COMMUNITIES ARE DOING,THE ADVENTURES OF WERNER HOLT,43
74157,JOANNE M MOCK,Q1698013,JOHANNES MAUS,DRUGS AND THE VERY YOUNG,THE ADVENTURES OF WERNER HOLT,45
74157,JOANNE M MOCK,Q1698013,JOHANNES MAUS,DRUGS IN OUR TIME,DIE GESCHICHTE VOM KLEINEN MUCK,42
74157,JOANNE M MOCK,Q1698013,JOHANNES MAUS,DRUGS: THE CHILDREN ARE CHOOSING - THE NEED FOR DIALOGUE,DIE SUCHE NACH DEM WUNDERBUNTEN VOGELCHEN,40
74157,JOANNE M MOCK,Q1698013,JOHANNES MAUS,THE PHARMACOLOGY OF DRUGS,THE ADVENTURES OF WERNER HOLT,44
74157,JOANNE M MOCK,Q1698013,JOHANNES MAUS,THE ALLURE OF DRUGS,THE ADVENTURES OF WERNER HOLT,50
74157,JOANNE M MOCK,Q3720497,JOANNA MOORE,WHAT CAN WE DO?,FOLLOW THAT DREAM,52
74157,JOANNE M MOCK,Q3720497,JOANNA MOORE,WHAT SOME COMMUNITIES ARE DOING,MONSTER ON THE CAMPUS,42
74157,JOANNE M MOCK,Q3720497,JOANNA MOORE,DRUGS AND THE VERY YOUNG,MONSTER ON THE CAMPUS,44
74157,JOANNE M MOCK,Q3720497,JOANNA MOORE,DRUGS IN OUR TIME,MONSTER ON THE CAMPUS,47
74157,JOANNE M MOCK,Q3720497,JOANNA MOORE,DRUGS: THE CHILDREN ARE CHOOSING - THE NEED FOR DIALOGUE,RIDE A CROOKED TRAIL,38
74157,JOANNE M MOCK,Q3720497,JOANNA MOORE,THE PHARMACOLOGY OF DRUGS,FOLLOW THAT DREAM,48
74157,JOANNE M MOCK,Q3720497,JOANNA MOORE,THE ALLURE OF DRUGS,MONSTER ON THE CAMPUS,50
74157,JOANNE M MOCK,Q3182063,JOHN MCKAY,WHAT CAN WE DO?,CUBAN REBEL GIRLS,39
74157,JOANNE M MOCK,Q3182063,JOHN MCKAY,WHAT SOME COMMUNITIES ARE DOING,CUBAN REBEL GIRLS,29
74157,JOANNE M MOCK,Q3182063,JOHN MCKAY,DRUGS AND THE VERY YOUNG,CUBAN REBEL GIRLS,39
74157,JOANNE M MOCK,Q3182063,JOHN MCKAY,DRUGS IN OUR TIME,CUBAN REBEL GIRLS,35
74157,JOANNE M MOCK,Q3182063,JOHN MCKAY,DRUGS: THE CHILDREN ARE CHOOSING - THE NEED FOR DIALOGUE,CUBAN REBEL GIRLS,31
74157,JOANNE M MOCK,Q3182063,JOHN MCKAY,THE PHARMACOLOGY OF DRUGS,CUBAN REBEL GIRLS,29
74157,JOANNE M MOCK,Q3182063,JOHN MCKAY,THE ALLURE OF DRUGS,CUBAN REBEL GIRLS,33
74157,JOANNE M MOCK,Q15821065,JOACHIM MOCK,WHAT CAN WE DO?,ROCKY'S KNIFE,30
74157,JOANNE M MOCK,Q15821065,JOACHIM MOCK,WHAT SOME COMMUNITIES ARE DOING,ROCKY'S KNIFE,32
74157,JOANNE M MOCK,Q15821065,JOACHIM MOCK,DRUGS AND THE VERY YOUNG,ROCKY'S KNIFE,32
74157,JOANNE M MOCK,Q15821065,JOACHIM MOCK,DRUGS IN OUR TIME,ROCKY'S KNIFE,27
74157,JOANNE M MOCK,Q15821065,JOACHIM MOCK,DRUGS: THE CHILDREN ARE CHOOSING - THE NEED FOR DIALOGUE,ROCKY'S KNIFE,21
74157,JOANNE M MOCK,Q15821065,JOACHIM MOCK,THE PHARMACOLOGY OF DRUGS,ROCKY'S KNIFE,32
74157,JOANNE M MOCK,Q15821065,JOACHIM MOCK,THE ALLURE OF DRUGS,ROCKY'S KNIFE,31
74157,JOANNE M MOCK,Q15821476,JOHANNES OTT,WHAT CAN WE DO?,THE LIGHTSHIP,15
74157,JOANNE M MOCK,Q15821476,JOHANNES OTT,WHAT SOME COMMUNITIES ARE DOING,THE LIGHTSHIP,27
74157,JOANNE M MOCK,Q15821476,JOHANNES OTT,DRUGS AND THE VERY YOUNG,THE LIGHTSHIP,32
74157,JOANNE M MOCK,Q15821476,JOHANNES OTT,DRUGS IN OUR TIME,THE LIGHTSHIP,40
74157,JOANNE M MOCK,Q15821476,JOHANNES OTT,DRUGS: THE CHILDREN ARE CHOOSING - THE NEED FOR DIALOGUE,THE LIGHTSHIP,27
74157,JOANNE M MOCK,Q15821476,JOHANNES OTT,THE PHARMACOLOGY OF DRUGS,THE LIGHTSHIP,37
74157,JOANNE M MOCK,Q15821476,JOHANNES OTT,THE ALLURE OF DRUGS,THE LIGHTSHIP,44
74157,JOANNE M MOCK,Q12022917,JAN NEMECEK,WHAT CAN WE DO?,"WAITER, SCARPER!",50
74157,JOANNE M MOCK,Q12022917,JAN NEMECEK,WHAT SOME COMMUNITIES ARE DOING,WHERE THE EARLY BIRD CATCHES,41
74157,JOANNE M MOCK,Q12022917,JAN NEMECEK,DRUGS AND THE VERY YOUNG,LONG LIVE GHOSTS!,50
74157,JOANNE M MOCK,Q12022917,JAN NEMECEK,DRUGS IN OUR TIME,NOBODY WILL LAUGH,41
74157,JOANNE M MOCK,Q12022917,JAN NEMECEK,DRUGS: THE CHILDREN ARE CHOOSING - THE NEED FOR DIALOGUE,WHERE THE EARLY BIRD CATCHES,40
74157,JOANNE M MOCK,Q12022917,JAN NEMECEK,THE PHARMACOLOGY OF DRUGS,WHERE THE EARLY BIRD CATCHES,42
74157,JOANNE M MOCK,Q12022917,JAN NEMECEK,THE ALLURE OF DRUGS,"WAITER, SCARPER!",42
74157,JOANNE M MOCK,Q106375203,JOE MCCORMICK,WHAT CAN WE DO?,FUNNY THINGS HAPPEN DOWN UNDER,32
74157,JOANNE M MOCK,Q106375203,JOE MCCORMICK,WHAT SOME COMMUNITIES ARE DOING,FUNNY THINGS HAPPEN DOWN UNDER,33
74157,JOANNE M MOCK,Q106375203,JOE MCCORMICK,DRUGS AND THE VERY YOUNG,FUNNY THINGS HAPPEN DOWN UNDER,37
74157,JOANNE M MOCK,Q106375203,JOE MCCORMICK,DRUGS IN OUR TIME,FUNNY THINGS HAPPEN DOWN UNDER,34
74157,JOANNE M MOCK,Q106375203,JOE MCCORMICK,DRUGS: THE CHILDREN ARE CHOOSING - THE NEED FOR DIALOGUE,FUNNY THINGS HAPPEN DOWN UNDER,34
74157,JOANNE M MOCK,Q106375203,JOE MCCORMICK,THE PHARMACOLOGY OF DRUGS,FUNNY THINGS HAPPEN DOWN UNDER,36
74157,JOANNE M MOCK,Q106375203,JOE MCCORMICK,THE ALLURE OF DRUGS,FUNNY THINGS HAPPEN DOWN UNDER,29
74157,JOANNE M MOCK,Q6768281,MARK JONES,WHAT CAN WE DO?,DON'T OPEN TILL CHRISTMAS,46
74157,JOANNE M MOCK,Q6768281,MARK JONES,WHAT SOME COMMUNITIES ARE DOING,DON'T OPEN TILL CHRISTMAS,46
74157,JOANNE M MOCK,Q6768281,MARK JONES,DRUGS AND THE VERY YOUNG,STAR WARS: EPISODE V - THE EMPIRE STRIKES BACK,36
74157,JOANNE M MOCK,Q6768281,MARK JONES,DRUGS IN OUR TIME,DON'T OPEN TILL CHRISTMAS,43
74157,JOANNE M MOCK,Q6768281,MARK JONES,DRUGS: THE CHILDREN ARE CHOOSING - THE NEED FOR DIALOGUE,STAR WARS: EPISODE V - THE EMPIRE STRIKES BACK,40
74157,JOANNE M MOCK,Q6768281,MARK JONES,THE PHARMACOLOGY OF DRUGS,DON'T OPEN TILL CHRISTMAS,32
74157,JOANNE M MOCK,Q6768281,MARK JONES,THE ALLURE OF DRUGS,STAR WARS: EPISODE V - THE EMPIRE STRIKES BACK,35
74157,JOANNE M MOCK,Q23022442,M. O. JOSEPH,WHAT CAN WE DO?,ANUBHAVANGAL PAALICHAKAL,26
74157,JOANNE M MOCK,Q23022442,M. O. JOSEPH,WHAT SOME COMMUNITIES ARE DOING,ANUBHAVANGAL PAALICHAKAL,25
74157,JOANNE M MOCK,Q23022442,M. O. JOSEPH,DRUGS AND THE VERY YOUNG,ANUBHAVANGAL PAALICHAKAL,29
74157,JOANNE M MOCK,Q23022442,M. O. JOSEPH,DRUGS IN OUR TIME,ANUBHAVANGAL PAALICHAKAL,20
74157,JOANNE M MOCK,Q23022442,M. O. JOSEPH,DRUGS: THE CHILDREN ARE CHOOSING - THE NEED FOR DIALOGUE,ANUBHAVANGAL PAALICHAKAL,23
74157,JOANNE M MOCK,Q23022442,M. O. JOSEPH,THE PHARMACOLOGY OF DRUGS,ANUBHAVANGAL PAALICHAKAL,33
74157,JOANNE M MOCK,Q23022442,M. O. JOSEPH,THE ALLURE OF DRUGS,ANUBHAVANGAL PAALICHAKAL,23
74157,JOANNE M MOCK,Q461742,ANNE LOCKHART,WHAT CAN WE DO?,FLESH AND BLOOD,48
74157,JOANNE M MOCK,Q461742,ANNE LOCKHART,WHAT SOME COMMUNITIES ARE DOING,THEODORE REX,37
74157,JOANNE M MOCK,Q461742,ANNE LOCKHART,DRUGS AND THE VERY YOUNG,EARTHBOUND,41
74157,JOANNE M MOCK,Q461742,ANNE LOCKHART,DRUGS IN OUR TIME,RISKY BUSINESS,45
74157,JOANNE M MOCK,Q461742,ANNE LOCKHART,DRUGS: THE CHILDREN ARE CHOOSING - THE NEED FOR DIALOGUE,E.T. THE EXTRA-TERRESTRIAL,36
74157,JOANNE M MOCK,Q461742,ANNE LOCKHART,THE PHARMACOLOGY OF DRUGS,THE LAST BOY SCOUT,42
74157,JOANNE M MOCK,Q461742,ANNE LOCKHART,THE ALLURE OF DRUGS,THE LAST BOY SCOUT,43
74157,JOANNE M MOCK,Q486079,KIM JA-OK,WHAT CAN WE DO?,WATER LADY,50
74157,JOANNE M MOCK,Q486079,KIM JA-OK,WHAT SOME COMMUNITIES ARE DOING,THE KEPT WOMAN,36
74157,JOANNE M MOCK,Q486079,KIM JA-OK,DRUGS AND THE VERY YOUNG,NOBODY'S DAUGHTER HAEWON,38
74157,JOANNE M MOCK,Q486079,KIM JA-OK,DRUGS IN OUR TIME,NOBODY'S DAUGHTER HAEWON,39
74157,JOANNE M MOCK,Q486079,KIM JA-OK,DRUGS: THE CHILDREN ARE CHOOSING - THE NEED FOR DIALOGUE,NOBODY'S DAUGHTER HAEWON,31
74157,JOANNE M MOCK,Q486079,KIM JA-OK,THE PHARMACOLOGY OF DRUGS,NOBODY'S DAUGHTER HAEWON,41
74157,JOANNE M MOCK,Q486079,KIM JA-OK,THE ALLURE OF DRUGS,WATER LADY,34
74157,JOANNE M MOCK,Q346965,MICKEY JONES,WHAT CAN WE DO?,HOMER AND EDDIE,48
74157,JOANNE M MOCK,Q346965,MICKEY JONES,WHAT SOME COMMUNITIES ARE DOING,NATIONAL LAMPOON'S VACATION,41
74157,JOANNE M MOCK,Q346965,MICKEY JONES,DRUGS AND THE VERY YOUNG,WRONG IS RIGHT,47
74157,JOANNE M MOCK,Q346965,MICKEY JONES,DRUGS IN OUR TIME,OUT ON A LIMB,47
74157,JOANNE M MOCK,Q346965,MICKEY JONES,DRUGS: THE CHILDREN ARE CHOOSING - THE NEED FOR DIALOGUE,THE BEST LITTLE WHOREHOUSE IN TEXAS,39
74157,JOANNE M MOCK,Q346965,MICKEY JONES,THE PHARMACOLOGY OF DRUGS,"POWER, PASSION & MURDER",36
74157,JOANNE M MOCK,Q346965,MICKEY JONES,THE ALLURE OF DRUGS,"POWER, PASSION & MURDER",41
74157,JOANNE M MOCK,Q6155165,JANNE MORTIL,WHAT CAN WE DO?,THE CLAN OF THE CAVE BEAR,46
74157,JOANNE M MOCK,Q6155165,JANNE MORTIL,WHAT SOME COMMUNITIES ARE DOING,THE CLAN OF THE CAVE BEAR,43
74157,JOANNE M MOCK,Q6155165,JANNE MORTIL,DRUGS AND THE VERY YOUNG,THE HITCHER II: I'VE BEEN WAITING,46
74157,JOANNE M MOCK,Q6155165,JANNE MORTIL,DRUGS IN OUR TIME,THE CHANGELING,39
74157,JOANNE M MOCK,Q6155165,JANNE MORTIL,DRUGS: THE CHILDREN ARE CHOOSING - THE NEED FOR DIALOGUE,THE CLAN OF THE CAVE BEAR,49
74157,JOANNE M MOCK,Q6155165,JANNE MORTIL,THE PHARMACOLOGY OF DRUGS,THE CHANGELING,41
74157,JOANNE M MOCK,Q6155165,JANNE MORTIL,THE ALLURE OF DRUGS,THE CLAN OF THE CAVE BEAR,50
74157,JOANNE M MOCK,Q152384,JOAN MIRO,WHAT CAN WE DO?,PICASSO: A PAINTER'S DIARY,36
74157,JOANNE M MOCK,Q152384,JOAN MIRO,WHAT SOME COMMUNITIES ARE DOING,PICASSO: A PAINTER'S DIARY,39
74157,JOANNE M MOCK,Q152384,JOAN MIRO,DRUGS AND THE VERY YOUNG,PICASSO: A PAINTER'S DIARY,41
74157,JOANNE M MOCK,Q152384,JOAN MIRO,DRUGS IN OUR TIME,PICASSO: A PAINTER'S DIARY,38
74157,JOANNE M MOCK,Q152384,JOAN MIRO,DRUGS: THE CHILDREN ARE CHOOSING - THE NEED FOR DIALOGUE,PICASSO: A PAINTER'S DIARY,33
74157,JOANNE M MOCK,Q152384,JOAN MIRO,THE PHARMACOLOGY OF DRUGS,PICASSO: A PAINTER'S DIARY,36
74157,JOANNE M MOCK,Q152384,JOAN MIRO,THE ALLURE OF DRUGS,PICASSO: A PAINTER'S DIARY,32
74157,JOANNE M MOCK,Q543496,JOANNE SAMUEL,WHAT CAN WE DO?,THE CITY'S EDGE,41
74157,JOANNE M MOCK,Q543496,JOANNE SAMUEL,WHAT SOME COMMUNITIES ARE DOING,THE CITY'S EDGE,43
74157,JOANNE M MOCK,Q543496,JOANNE SAMUEL,DRUGS AND THE VERY YOUNG,THE CITY'S EDGE,41
74157,JOANNE M MOCK,Q543496,JOANNE SAMUEL,DRUGS IN OUR TIME,THE CITY'S EDGE,38
74157,JOANNE M MOCK,Q543496,JOANNE SAMUEL,DRUGS: THE CHILDREN ARE CHOOSING - THE NEED FOR DIALOGUE,THE WIGGLES: GET READY TO WIGGLE - A WIGGLY HISTORY!,38
74157,JOANNE M MOCK,Q543496,JOANNE SAMUEL,THE PHARMACOLOGY OF DRUGS,THE CITY'S EDGE,35
74157,JOANNE M MOCK,Q543496,JOANNE SAMUEL,THE ALLURE OF DRUGS,THE CITY'S EDGE,47
74157,JOANNE M MOCK,Q543561,JEANNE MAS,WHAT CAN WE DO?,RICOMINCIO DA TRE,32
74157,JOANNE M MOCK,Q543561,JEANNE MAS,WHAT SOME COMMUNITIES ARE DOING,RICOMINCIO DA TRE,42
74157,JOANNE M MOCK,Q543561,JEANNE MAS,DRUGS AND THE VERY YOUNG,RICOMINCIO DA TRE,29
74157,JOANNE M MOCK,Q543561,JEANNE MAS,DRUGS IN OUR TIME,RICOMINCIO DA TRE,47
74157,JOANNE M MOCK,Q543561,JEANNE MAS,DRUGS: THE CHILDREN ARE CHOOSING - THE NEED FOR DIALOGUE,RICOMINCIO DA TRE,34
74157,JOANNE M MOCK,Q543561,JEANNE MAS,THE PHARMACOLOGY OF DRUGS,RICOMINCIO DA TRE,43
74157,JOANNE M MOCK,Q543561,JEANNE MAS,THE ALLURE OF DRUGS,RICOMINCIO DA TRE,39
74157,JOANNE M MOCK,Q357310,MICK JONES,WHAT CAN WE DO?,THE CLASH: WESTWAY TO THE WORLD,41
74157,JOANNE M MOCK,Q357310,MICK JONES,WHAT SOME COMMUNITIES ARE DOING,THE KING OF COMEDY,49
74157,JOANNE M MOCK,Q357310,MICK JONES,DRUGS AND THE VERY YOUNG,AMONGST FRIENDS,41
74157,JOANNE M MOCK,Q357310,MICK JONES,DRUGS IN OUR TIME,THE KING OF COMEDY,51
74157,JOANNE M MOCK,Q357310,MICK JONES,DRUGS: THE CHILDREN ARE CHOOSING - THE NEED FOR DIALOGUE,THE KING OF COMEDY,37
74157,JOANNE M MOCK,Q357310,MICK JONES,THE PHARMACOLOGY OF DRUGS,THE KING OF COMEDY,42
74157,JOANNE M MOCK,Q357310,MICK JONES,THE ALLURE OF DRUGS,THE KING OF COMEDY,54
74157,JOANNE M MOCK,Q3180698,JOHANNE MCKAY,WHAT CAN WE DO?,LASERHAWK,35
74157,JOANNE M MOCK,Q3180698,JOHANNE MCKAY,WHAT SOME COMMUNITIES ARE DOING,THE TIN FLUTE,32
74157,JOANNE M MOCK,Q3180698,JOHANNE MCKAY,DRUGS AND THE VERY YOUNG,THE TIN FLUTE,38
74157,JOANNE M MOCK,Q3180698,JOHANNE MCKAY,DRUGS IN OUR TIME,MY FRIEND MAX,40
74157,JOANNE M MOCK,Q3180698,JOHANNE MCKAY,DRUGS: THE CHILDREN ARE CHOOSING - THE NEED FOR DIALOGUE,THE TIN FLUTE,27
74157,JOANNE M MOCK,Q3180698,JOHANNE MCKAY,THE PHARMACOLOGY OF DRUGS,THE TIN FLUTE,32
74157,JOANNE M MOCK,Q3180698,JOHANNE MCKAY,THE ALLURE OF DRUGS,THE TIN FLUTE,44
74157,JOANNE M MOCK,Q79326530,MICKI JOANNI,WHAT CAN WE DO?,"EAT, SLEEP, NO WOMEN",44
74157,JOANNE M MOCK,Q79326530,MICKI JOANNI,WHAT SOME COMMUNITIES ARE DOING,THE OLYMPIC-WINNING LADY,40
74157,JOANNE M MOCK,Q79326530,MICKI JOANNI,DRUGS AND THE VERY YOUNG,"EAT, SLEEP, NO WOMEN",43
74157,JOANNE M MOCK,Q79326530,MICKI JOANNI,DRUGS IN OUR TIME,PICASSO IN MUNICH,35
74157,JOANNE M MOCK,Q79326530,MICKI JOANNI,DRUGS: THE CHILDREN ARE CHOOSING - THE NEED FOR DIALOGUE,PICASSO IN MUNICH,29
74157,JOANNE M MOCK,Q79326530,MICKI JOANNI,THE PHARMACOLOGY OF DRUGS,THE OLYMPIC-WINNING LADY,37
74157,JOANNE M MOCK,Q79326530,MICKI JOANNI,THE ALLURE OF DRUGS,THE OLYMPIC-WINNING LADY,37
74157,JOANNE M MOCK,Q7187552,JOHNNY MAK,WHAT CAN WE DO?,RICH AND FAMOUS,41
74157,JOANNE M MOCK,Q7187552,JOHNNY MAK,WHAT SOME COMMUNITIES ARE DOING,LONG ARM OF THE LAW,44
74157,JOANNE M MOCK,Q7187552,JOHNNY MAK,DRUGS AND THE VERY YOUNG,RICH AND FAMOUS,41
74157,JOANNE M MOCK,Q7187552,JOHNNY MAK,DRUGS IN OUR TIME,LONG ARM OF THE LAW,44
74157,JOANNE M MOCK,Q7187552,JOHNNY MAK,DRUGS: THE CHILDREN ARE CHOOSING - THE NEED FOR DIALOGUE,LONG ARM OF THE LAW,42
74157,JOANNE M MOCK,Q7187552,JOHNNY MAK,THE PHARMACOLOGY OF DRUGS,LONG ARM OF THE LAW,50
74157,JOANNE M MOCK,Q7187552,JOHNNY MAK,THE ALLURE OF DRUGS,LONG ARM OF THE LAW,58
74157,JOANNE M MOCK,Q2851215,ANNE MESON,WHAT CAN WE DO?,THE PASSION OF BERNADETTE,31
74157,JOANNE M MOCK,Q2851215,ANNE MESON,WHAT SOME COMMUNITIES ARE DOING,THE PASSION OF BERNADETTE,39
74157,JOANNE M MOCK,Q2851215,ANNE MESON,DRUGS AND THE VERY YOUNG,THE PASSION OF BERNADETTE,33
74157,JOANNE M MOCK,Q2851215,ANNE MESON,DRUGS IN OUR TIME,THE PASSION OF BERNADETTE,33
74157,JOANNE M MOCK,Q2851215,ANNE MESON,DRUGS: THE CHILDREN ARE CHOOSING - THE NEED FOR DIALOGUE,THE PASSION OF BERNADETTE,36
74157,JOANNE M MOCK,Q2851215,ANNE MESON,THE PHARMACOLOGY OF DRUGS,THE PASSION OF BERNADETTE,48
74157,JOANNE M MOCK,Q2851215,ANNE MESON,THE ALLURE OF DRUGS,THE PASSION OF BERNADETTE,41
74157,JOANNE M MOCK,Q20111753,MARIANNE MORK,WHAT CAN WE DO?,NOE HELT ANNET,43
74157,JOANNE M MOCK,Q20111753,MARIANNE MORK,WHAT SOME COMMUNITIES ARE DOING,NOE HELT ANNET,36
74157,JOANNE M MOCK,Q20111753,MARIANNE MORK,DRUGS AND THE VERY YOUNG,NOE HELT ANNET,37
74157,JOANNE M MOCK,Q20111753,MARIANNE MORK,DRUGS IN OUR TIME,NOE HELT ANNET,26
74157,JOANNE M MOCK,Q20111753,MARIANNE MORK,DRUGS: THE CHILDREN ARE CHOOSING - THE NEED FOR DIALOGUE,NOE HELT ANNET,27
74157,JOANNE M MOCK,Q20111753,MARIANNE MORK,THE PHARMACOLOGY OF DRUGS,NOE HELT ANNET,26
74157,JOANNE M MOCK,Q20111753,MARIANNE MORK,THE ALLURE OF DRUGS,NOE HELT ANNET,36
74157,JOANNE M MOCK,Q15485675,JONATHAN SCHMOCK,WHAT CAN WE DO?,THE TRUTH ABOUT EMANUEL,38
74157,JOANNE M MOCK,Q15485675,JONATHAN SCHMOCK,WHAT SOME COMMUNITIES ARE DOING,THE TRUTH ABOUT EMANUEL,37
74157,JOANNE M MOCK,Q15485675,JONATHAN SCHMOCK,DRUGS AND THE VERY YOUNG,THE TRUTH ABOUT EMANUEL,43
74157,JOANNE M MOCK,Q15485675,JONATHAN SCHMOCK,DRUGS IN OUR TIME,THE TRUTH ABOUT EMANUEL,35
74157,JOANNE M MOCK,Q15485675,JONATHAN SCHMOCK,DRUGS: THE CHILDREN ARE CHOOSING - THE NEED FOR DIALOGUE,THE TRUTH ABOUT EMANUEL,34
74157,JOANNE M MOCK,Q15485675,JONATHAN SCHMOCK,THE PHARMACOLOGY OF DRUGS,THE TRUTH ABOUT EMANUEL,38
74157,JOANNE M MOCK,Q15485675,JONATHAN SCHMOCK,THE ALLURE OF DRUGS,FERRIS BUELLER'S DAY OFF,51
74157,JOANNE M MOCK,Q6847433,MIKE JONES,WHAT CAN WE DO?,SECRET NATION,37
74157,JOANNE M MOCK,Q6847433,MIKE JONES,WHAT SOME COMMUNITIES ARE DOING,THE ADVENTURE OF FAUSTUS BIDGOOD,41
74157,JOANNE M MOCK,Q6847433,MIKE JONES,DRUGS AND THE VERY YOUNG,THE ADVENTURE OF FAUSTUS BIDGOOD,36
74157,JOANNE M MOCK,Q6847433,MIKE JONES,DRUGS IN OUR TIME,THE ADVENTURE OF FAUSTUS BIDGOOD,37
74157,JOANNE M MOCK,Q6847433,MIKE JONES,DRUGS: THE CHILDREN ARE CHOOSING - THE NEED FOR DIALOGUE,THE ADVENTURE OF FAUSTUS BIDGOOD,45
74157,JOANNE M MOCK,Q6847433,MIKE JONES,THE PHARMACOLOGY OF DRUGS,THE ADVENTURE OF FAUSTUS BIDGOOD,39
74157,JOANNE M MOCK,Q6847433,MIKE JONES,THE ALLURE OF DRUGS,THE ADVENTURE OF FAUSTUS BIDGOOD,59
74157,JOANNE M MOCK,Q9012446,JOHNNY MAK,WHAT CAN WE DO?,"MOON, STAR AND SUN",39
74157,JOANNE M MOCK,Q9012446,JOHNNY MAK,WHAT SOME COMMUNITIES ARE DOING,"MOON, STAR AND SUN",33
74157,JOANNE M MOCK,Q9012446,JOHNNY MAK,DRUGS AND THE VERY YOUNG,"MOON, STAR AND SUN",49
74157,JOANNE M MOCK,Q9012446,JOHNNY MAK,DRUGS IN OUR TIME,"MOON, STAR AND SUN",35
74157,JOANNE M MOCK,Q9012446,JOHNNY MAK,DRUGS: THE CHILDREN ARE CHOOSING - THE NEED FOR DIALOGUE,"MOON, STAR AND SUN",31
74157,JOANNE M MOCK,Q9012446,JOHNNY MAK,THE PHARMACOLOGY OF DRUGS,"MOON, STAR AND SUN",33
74157,JOANNE M MOCK,Q9012446,JOHNNY MAK,THE ALLURE OF DRUGS,"MOON, STAR AND SUN",33
74157,JOANNE M MOCK,Q3161881,JANE MOORE,WHAT CAN WE DO?,DEAD POETS SOCIETY,38
74157,JOANNE M MOCK,Q3161881,JANE MOORE,WHAT SOME COMMUNITIES ARE DOING,DEAD POETS SOCIETY,41
74157,JOANNE M MOCK,Q3161881,JANE MOORE,DRUGS AND THE VERY YOUNG,DEAD POETS SOCIETY,33
74157,JOANNE M MOCK,Q3161881,JANE MOORE,DRUGS IN OUR TIME,DEAD POETS SOCIETY,34
74157,JOANNE M MOCK,Q3161881,JANE MOORE,DRUGS: THE CHILDREN ARE CHOOSING - THE NEED FOR DIALOGUE,DEAD POETS SOCIETY,28
74157,JOANNE M MOCK,Q3161881,JANE MOORE,THE PHARMACOLOGY OF DRUGS,DEAD POETS SOCIETY,28
74157,JOANNE M MOCK,Q3161881,JANE MOORE,THE ALLURE OF DRUGS,DEAD POETS SOCIETY,32
74157,JOANNE M MOCK,Q75506928,JON MICKE,WHAT CAN WE DO?,MY FAVORITE THINGS,31
74157,JOANNE M MOCK,Q75506928,JON MICKE,WHAT SOME COMMUNITIES ARE DOING,MY FAVORITE THINGS,41
74157,JOANNE M MOCK,Q75506928,JON MICKE,DRUGS AND THE VERY YOUNG,MY FAVORITE THINGS,43
74157,JOANNE M MOCK,Q75506928,JON MICKE,DRUGS IN OUR TIME,MY FAVORITE THINGS,34
74157,JOANNE M MOCK,Q75506928,JON MICKE,DRUGS: THE CHILDREN ARE CHOOSING - THE NEED FOR DIALOGUE,MY FAVORITE THINGS,28
74157,JOANNE M MOCK,Q75506928,JON MICKE,THE PHARMACOLOGY OF DRUGS,MY FAVORITE THINGS,37
74157,JOANNE M MOCK,Q75506928,JON MICKE,THE ALLURE OF DRUGS,MY FAVORITE THINGS,38
74157,JOANNE M MOCK,Q17123844,JOHANNA TOMEK,WHAT CAN WE DO?,THE SCORPION WOMAN,44
74157,JOANNE M MOCK,Q17123844,JOHANNA TOMEK,WHAT SOME COMMUNITIES ARE DOING,THE SCORPION WOMAN,41
74157,JOANNE M MOCK,Q17123844,JOHANNA TOMEK,DRUGS AND THE VERY YOUNG,THE SCORPION WOMAN,38
74157,JOANNE M MOCK,Q17123844,JOHANNA TOMEK,DRUGS IN OUR TIME,THE SCORPION WOMAN,34
74157,JOANNE M MOCK,Q17123844,JOHANNA TOMEK,DRUGS: THE CHILDREN ARE CHOOSING - THE NEED FOR DIALOGUE,THE SCORPION WOMAN,28
74157,JOANNE M MOCK,Q17123844,JOHANNA TOMEK,THE PHARMACOLOGY OF DRUGS,THE SCORPION WOMAN,37
74157,JOANNE M MOCK,Q17123844,JOHANNA TOMEK,THE ALLURE OF DRUGS,THE SCORPION WOMAN,32
74157,JOANNE M MOCK,Q256579,JANE MARCH,WHAT CAN WE DO?,THE STONE MERCHANT,50
74157,JOANNE M MOCK,Q256579,JANE MARCH,WHAT SOME COMMUNITIES ARE DOING,GRIMM'S SNOW WHITE,45
74157,JOANNE M MOCK,Q256579,JANE MARCH,DRUGS AND THE VERY YOUNG,BEAUTY AND THE BEAST,45
74157,JOANNE M MOCK,Q256579,JANE MARCH,DRUGS IN OUR TIME,GRIMM'S SNOW WHITE,46
74157,JOANNE M MOCK,Q256579,JANE MARCH,DRUGS: THE CHILDREN ARE CHOOSING - THE NEED FOR DIALOGUE,TARZAN AND THE LOST CITY,42
74157,JOANNE M MOCK,Q256579,JANE MARCH,THE PHARMACOLOGY OF DRUGS,TARZAN AND THE LOST CITY,45
74157,JOANNE M MOCK,Q256579,JANE MARCH,THE ALLURE OF DRUGS,THE LOVER,50
74157,JOANNE M MOCK,Q3849511,MARK JONES,WHAT CAN WE DO?,LEPRECHAUN 2,31
74157,JOANNE M MOCK,Q3849511,MARK JONES,WHAT SOME COMMUNITIES ARE DOING,RUMPELSTILTSKIN,30
74157,JOANNE M MOCK,Q3849511,MARK JONES,DRUGS AND THE VERY YOUNG,LEPRECHAUN 2,28
74157,JOANNE M MOCK,Q3849511,MARK JONES,DRUGS IN OUR TIME,RUMPELSTILTSKIN,38
74157,JOANNE M MOCK,Q3849511,MARK JONES,DRUGS: THE CHILDREN ARE CHOOSING - THE NEED FOR DIALOGUE,LEPRECHAUN 2,28
74157,JOANNE M MOCK,Q3849511,MARK JONES,THE PHARMACOLOGY OF DRUGS,LEPRECHAUN 2,27
74157,JOANNE M MOCK,Q3849511,MARK JONES,THE ALLURE OF DRUGS,QUIET KILL,34
74157,JOANNE M MOCK,Q19666392,JANINE MARMOT,WHAT CAN WE DO?,BRAND NEW-U,48
74157,JOANNE M MOCK,Q19666392,JANINE MARMOT,WHAT SOME COMMUNITIES ARE DOING,I COULD READ THE SKY,39
74157,JOANNE M MOCK,Q19666392,JANINE MARMOT,DRUGS AND THE VERY YOUNG,BRAND NEW-U,40
74157,JOANNE M MOCK,Q19666392,JANINE MARMOT,DRUGS IN OUR TIME,I COULD READ THE SKY,43
74157,JOANNE M MOCK,Q19666392,JANINE MARMOT,DRUGS: THE CHILDREN ARE CHOOSING - THE NEED FOR DIALOGUE,I COULD READ THE SKY,38
74157,JOANNE M MOCK,Q19666392,JANINE MARMOT,THE PHARMACOLOGY OF DRUGS,I COULD READ THE SKY,44
74157,JOANNE M MOCK,Q19666392,JANINE MARMOT,THE ALLURE OF DRUGS,I COULD READ THE SKY,46
74157,JOANNE M MOCK,Q4968796,MARIANNE MORCK,WHAT CAN WE DO?,SEKTEN,20
74157,JOANNE M MOCK,Q4968796,MARIANNE MORCK,WHAT SOME COMMUNITIES ARE DOING,SEKTEN,22
74157,JOANNE M MOCK,Q4968796,MARIANNE MORCK,DRUGS AND THE VERY YOUNG,SEKTEN,27
74157,JOANNE M MOCK,Q4968796,MARIANNE MORCK,DRUGS IN OUR TIME,SEKTEN,26
74157,JOANNE M MOCK,Q4968796,MARIANNE MORCK,DRUGS: THE CHILDREN ARE CHOOSING - THE NEED FOR DIALOGUE,SEKTEN,14
74157,JOANNE M MOCK,Q4968796,MARIANNE MORCK,THE PHARMACOLOGY OF DRUGS,SEKTEN,19
74157,JOANNE M MOCK,Q4968796,MARIANNE MORCK,THE ALLURE OF DRUGS,SEKTEN,24
74157,JOANNE M MOCK,Q2877302,MONICA DIONNE,WHAT CAN WE DO?,"SEXO, PUDOR Y LAGRIMAS",40
74157,JOANNE M MOCK,Q2877302,MONICA DIONNE,WHAT SOME COMMUNITIES ARE DOING,"SEXO, PUDOR Y LAGRIMAS",42
74157,JOANNE M MOCK,Q2877302,MONICA DIONNE,DRUGS AND THE VERY YOUNG,"SEXO, PUDOR Y LAGRIMAS",36
74157,JOANNE M MOCK,Q2877302,MONICA DIONNE,DRUGS IN OUR TIME,"SEXO, PUDOR Y LAGRIMAS",37
74157,JOANNE M MOCK,Q2877302,MONICA DIONNE,DRUGS: THE CHILDREN ARE CHOOSING - THE NEED FOR DIALOGUE,"SEXO, PUDOR Y LAGRIMAS",32
74157,JOANNE M MOCK,Q2877302,MONICA DIONNE,THE PHARMACOLOGY OF DRUGS,"SEXO, PUDOR Y LAGRIMAS",30
74157,JOANNE M MOCK,Q2877302,MONICA DIONNE,THE ALLURE OF DRUGS,"SEXO, PUDOR Y LAGRIMAS",40
74157,JOANNE M MOCK,Q17537215,JOHANNES KRAM,WHAT CAN WE DO?,Q47490627,0
74157,JOANNE M MOCK,Q17537215,JOHANNES KRAM,WHAT SOME COMMUNITIES ARE DOING,Q47490627,0
74157,JOANNE M MOCK,Q17537215,JOHANNES KRAM,DRUGS AND THE VERY YOUNG,Q47490627,0
74157,JOANNE M MOCK,Q17537215,JOHANNES KRAM,DRUGS IN OUR TIME,Q47490627,0
74157,JOANNE M MOCK,Q17537215,JOHANNES KRAM,DRUGS: THE CHILDREN ARE CHOOSING - THE NEED FOR DIALOGUE,Q47490627,0
74157,JOANNE M MOCK,Q17537215,JOHANNES KRAM,THE PHARMACOLOGY OF DRUGS,Q47490627,0
74157,JOANNE M MOCK,Q17537215,JOHANNES KRAM,THE ALLURE OF DRUGS,Q47490627,0
74157,JOANNE M MOCK,Q3161882,JANE MUSKY,WHAT CAN WE DO?,FINDING FORRESTER,32
74157,JOANNE M MOCK,Q3161882,JANE MUSKY,WHAT SOME COMMUNITIES ARE DOING,FINDING FORRESTER,38
74157,JOANNE M MOCK,Q3161882,JANE MUSKY,DRUGS AND THE VERY YOUNG,FINDING FORRESTER,39
74157,JOANNE M MOCK,Q3161882,JANE MUSKY,DRUGS IN OUR TIME,FINDING FORRESTER,47
74157,JOANNE M MOCK,Q3161882,JANE MUSKY,DRUGS: THE CHILDREN ARE CHOOSING - THE NEED FOR DIALOGUE,FINDING FORRESTER,34
74157,JOANNE M MOCK,Q3161882,JANE MUSKY,THE PHARMACOLOGY OF DRUGS,FINDING FORRESTER,33
74157,JOANNE M MOCK,Q3161882,JANE MUSKY,THE ALLURE OF DRUGS,FINDING FORRESTER,33
74157,JOANNE M MOCK,Q4896410,JANE MORAN,WHAT CAN WE DO?,RAMONA AND BEEZUS,45
74157,JOANNE M MOCK,Q4896410,JANE MORAN,WHAT SOME COMMUNITIES ARE DOING,RAMONA AND BEEZUS,33
74157,JOANNE M MOCK,Q4896410,JANE MORAN,DRUGS AND THE VERY YOUNG,RAMONA AND BEEZUS,49
74157,JOANNE M MOCK,Q4896410,JANE MORAN,DRUGS IN OUR TIME,RAMONA AND BEEZUS,35
74157,JOANNE M MOCK,Q4896410,JANE MORAN,DRUGS: THE CHILDREN ARE CHOOSING - THE NEED FOR DIALOGUE,RAMONA AND BEEZUS,26
74157,JOANNE M MOCK,Q4896410,JANE MORAN,THE PHARMACOLOGY OF DRUGS,RAMONA AND BEEZUS,33
74157,JOANNE M MOCK,Q4896410,JANE MORAN,THE ALLURE OF DRUGS,RAMONA AND BEEZUS,33
74157,JOANNE M MOCK,Q6247958,JOHN MCKAY,WHAT CAN WE DO?,NOT ANOTHER HAPPY ENDING,47
74157,JOANNE M MOCK,Q6247958,JOHN MCKAY,WHAT SOME COMMUNITIES ARE DOING,NOT ANOTHER HAPPY ENDING,47
74157,JOANNE M MOCK,Q6247958,JOHN MCKAY,DRUGS AND THE VERY YOUNG,NOT ANOTHER HAPPY ENDING,42
74157,JOANNE M MOCK,Q6247958,JOHN MCKAY,DRUGS IN OUR TIME,NOT ANOTHER HAPPY ENDING,34
74157,JOANNE M MOCK,Q6247958,JOHN MCKAY,DRUGS: THE CHILDREN ARE CHOOSING - THE NEED FOR DIALOGUE,NOT ANOTHER HAPPY ENDING,34
74157,JOANNE M MOCK,Q6247958,JOHN MCKAY,THE PHARMACOLOGY OF DRUGS,NOT ANOTHER HAPPY ENDING,33
74157,JOANNE M MOCK,Q6247958,JOHN MCKAY,THE ALLURE OF DRUGS,NOT ANOTHER HAPPY ENDING,37
74157,JOANNE M MOCK,Q1697861,JOHANNES KOBILKE,WHAT CAN WE DO?,THE MIDNIGHT MEAT TRAIN,38
74157,JOANNE M MOCK,Q1697861,JOHANNES KOBILKE,WHAT SOME COMMUNITIES ARE DOING,THE MIDNIGHT MEAT TRAIN,41
74157,JOANNE M MOCK,Q1697861,JOHANNES KOBILKE,DRUGS AND THE VERY YOUNG,THE MIDNIGHT MEAT TRAIN,47
74157,JOANNE M MOCK,Q1697861,JOHANNES KOBILKE,DRUGS IN OUR TIME,THE LONGING,43
74157,JOANNE M MOCK,Q1697861,JOHANNES KOBILKE,DRUGS: THE CHILDREN ARE CHOOSING - THE NEED FOR DIALOGUE,THE MIDNIGHT MEAT TRAIN,34
74157,JOANNE M MOCK,Q1697861,JOHANNES KOBILKE,THE PHARMACOLOGY OF DRUGS,PATHOLOGY,41
74157,JOANNE M MOCK,Q1697861,JOHANNES KOBILKE,THE ALLURE OF DRUGS,THE LONGING,40
74157,JOANNE M MOCK,Q566562,ANNETTE FOCKS,WHAT CAN WE DO?,ROCCA CHANGES THE WORLD,49
74157,JOANNE M MOCK,Q566562,ANNETTE FOCKS,WHAT SOME COMMUNITIES ARE DOING,WILD CHICKS IN LOVE,44
74157,JOANNE M MOCK,Q566562,ANNETTE FOCKS,DRUGS AND THE VERY YOUNG,WHEN GRANDPA LOVED RITA HAYWORTH,46
74157,JOANNE M MOCK,Q566562,ANNETTE FOCKS,DRUGS IN OUR TIME,THE DIVINE ORDER,55
74157,JOANNE M MOCK,Q566562,ANNETTE FOCKS,DRUGS: THE CHILDREN ARE CHOOSING - THE NEED FOR DIALOGUE,THE THREE INVESTIGATORS IN THE SECRET OF TERROR CASTLE,50
74157,JOANNE M MOCK,Q566562,ANNETTE FOCKS,THE PHARMACOLOGY OF DRUGS,THE POLL DIARIES,54
74157,JOANNE M MOCK,Q566562,ANNETTE FOCKS,THE ALLURE OF DRUGS,THE POLL DIARIES,57
74157,JOANNE M MOCK,Q6206008,JOANNA WASICK,WHAT CAN WE DO?,MAGIC ROCK,25
74157,JOANNE M MOCK,Q6206008,JOANNA WASICK,WHAT SOME COMMUNITIES ARE DOING,MAGIC ROCK,20
74157,JOANNE M MOCK,Q6206008,JOANNA WASICK,DRUGS AND THE VERY YOUNG,MAGIC ROCK,29
74157,JOANNE M MOCK,Q6206008,JOANNA WASICK,DRUGS IN OUR TIME,MAGIC ROCK,30
74157,JOANNE M MOCK,Q6206008,JOANNA WASICK,DRUGS: THE CHILDREN ARE CHOOSING - THE NEED FOR DIALOGUE,MAGIC ROCK,19
74157,JOANNE M MOCK,Q6206008,JOANNA WASICK,THE PHARMACOLOGY OF DRUGS,MAGIC ROCK,23
74157,JOANNE M MOCK,Q6206008,JOANNA WASICK,THE ALLURE OF DRUGS,MAGIC ROCK,28
74157,JOANNE M MOCK,Q954623,MIKE JONES,WHAT CAN WE DO?,CITY OF GHOSTS,29
74157,JOANNE M MOCK,Q954623,MIKE JONES,WHAT SOME COMMUNITIES ARE DOING,CITY OF GHOSTS,31
74157,JOANNE M MOCK,Q954623,MIKE JONES,DRUGS AND THE VERY YOUNG,CITY OF GHOSTS,32
74157,JOANNE M MOCK,Q954623,MIKE JONES,DRUGS IN OUR TIME,CITY OF GHOSTS,26
74157,JOANNE M MOCK,Q954623,MIKE JONES,DRUGS: THE CHILDREN ARE CHOOSING - THE NEED FOR DIALOGUE,CITY OF GHOSTS,27
74157,JOANNE M MOCK,Q954623,MIKE JONES,THE PHARMACOLOGY OF DRUGS,CITY OF GHOSTS,26
74157,JOANNE M MOCK,Q954623,MIKE JONES,THE ALLURE OF DRUGS,CITY OF GHOSTS,36
74157,JOANNE M MOCK,Q11978192,JANNE KOKKIN,WHAT CAN WE DO?,SCARS,21
74157,JOANNE M MOCK,Q11978192,JANNE KOKKIN,WHAT SOME COMMUNITIES ARE DOING,SCARS,17
74157,JOANNE M MOCK,Q11978192,JANNE KOKKIN,DRUGS AND THE VERY YOUNG,SCARS,21
74157,JOANNE M MOCK,Q11978192,JANNE KOKKIN,DRUGS IN OUR TIME,SCARS,18
74157,JOANNE M MOCK,Q11978192,JANNE KOKKIN,DRUGS: THE CHILDREN ARE CHOOSING - THE NEED FOR DIALOGUE,SCARS,14
74157,JOANNE M MOCK,Q11978192,JANNE KOKKIN,THE PHARMACOLOGY OF DRUGS,SCARS,20
74157,JOANNE M MOCK,Q11978192,JANNE KOKKIN,THE ALLURE OF DRUGS,SCARS,25
74157,JOANNE M MOCK,Q261963,JOANNE KELLY,WHAT CAN WE DO?,DON'T BLINK,48
74157,JOANNE M MOCK,Q261963,JOANNE KELLY,WHAT SOME COMMUNITIES ARE DOING,GOING THE DISTANCE,41
74157,JOANNE M MOCK,Q261963,JOANNE KELLY,DRUGS AND THE VERY YOUNG,GOING THE DISTANCE,38
74157,JOANNE M MOCK,Q261963,JOANNE KELLY,DRUGS IN OUR TIME,GOING THE DISTANCE,46
74157,JOANNE M MOCK,Q261963,JOANNE KELLY,DRUGS: THE CHILDREN ARE CHOOSING - THE NEED FOR DIALOGUE,GOING THE DISTANCE,34
74157,JOANNE M MOCK,Q261963,JOANNE KELLY,THE PHARMACOLOGY OF DRUGS,GOING THE DISTANCE,47
74157,JOANNE M MOCK,Q261963,JOANNE KELLY,THE ALLURE OF DRUGS,GOING THE DISTANCE,49
74157,JOANNE M MOCK,Q2026055,BONNIE MCKEE,WHAT CAN WE DO?,WIN A DATE WITH TAD HAMILTON!,43
74157,JOANNE M MOCK,Q2026055,BONNIE MCKEE,WHAT SOME COMMUNITIES ARE DOING,WIN A DATE WITH TAD HAMILTON!,44
74157,JOANNE M MOCK,Q2026055,BONNIE MCKEE,DRUGS AND THE VERY YOUNG,AUGUST RUSH,46
74157,JOANNE M MOCK,Q2026055,BONNIE MCKEE,DRUGS IN OUR TIME,AUGUST RUSH,36
74157,JOANNE M MOCK,Q2026055,BONNIE MCKEE,DRUGS: THE CHILDREN ARE CHOOSING - THE NEED FOR DIALOGUE,WIN A DATE WITH TAD HAMILTON!,40
74157,JOANNE M MOCK,Q2026055,BONNIE MCKEE,THE PHARMACOLOGY OF DRUGS,WIN A DATE WITH TAD HAMILTON!,38
74157,JOANNE M MOCK,Q2026055,BONNIE MCKEE,THE ALLURE OF DRUGS,AUGUST RUSH,47
74157,JOANNE M MOCK,Q6206203,JOANNE PEH,WHAT CAN WE DO?,THE BEST BET,31
74157,JOANNE M MOCK,Q6206203,JOANNE PEH,WHAT SOME COMMUNITIES ARE DOING,THE BEST BET,28
74157,JOANNE M MOCK,Q6206203,JOANNE PEH,DRUGS AND THE VERY YOUNG,THE BEST BET,28
74157,JOANNE M MOCK,Q6206203,JOANNE PEH,DRUGS IN OUR TIME,THE BEST BET,34
74157,JOANNE M MOCK,Q6206203,JOANNE PEH,DRUGS: THE CHILDREN ARE CHOOSING - THE NEED FOR DIALOGUE,THE BEST BET,28
74157,JOANNE M MOCK,Q6206203,JOANNE PEH,THE PHARMACOLOGY OF DRUGS,THE BEST BET,32
74157,JOANNE M MOCK,Q6206203,JOANNE PEH,THE ALLURE OF DRUGS,THE BEST BET,45
74157,JOANNE M MOCK,Q51095177,KIM JUN OK,WHAT CAN WE DO?,TENTACOLINO,24
74157,JOANNE M MOCK,Q51095177,KIM JUN OK,WHAT SOME COMMUNITIES ARE DOING,TENTACOLINO,33
74157,JOANNE M MOCK,Q51095177,KIM JUN OK,DRUGS AND THE VERY YOUNG,TENTACOLINO,23
74157,JOANNE M MOCK,Q51095177,KIM JUN OK,DRUGS IN OUR TIME,TENTACOLINO,21
74157,JOANNE M MOCK,Q51095177,KIM JUN OK,DRUGS: THE CHILDREN ARE CHOOSING - THE NEED FOR DIALOGUE,TENTACOLINO,22
74157,JOANNE M MOCK,Q51095177,KIM JUN OK,THE PHARMACOLOGY OF DRUGS,TENTACOLINO,28
74157,JOANNE M MOCK,Q51095177,KIM JUN OK,THE ALLURE OF DRUGS,TENTACOLINO,20
74157,JOANNE M MOCK,Q6172160,JEANNE MOCKFORD,WHAT CAN WE DO?,CASANOVA,45
74157,JOANNE M MOCK,Q6172160,JEANNE MOCKFORD,WHAT SOME COMMUNITIES ARE DOING,CASANOVA,26
74157,JOANNE M MOCK,Q6172160,JEANNE MOCKFORD,DRUGS AND THE VERY YOUNG,CASANOVA,19
74157,JOANNE M MOCK,Q6172160,JEANNE MOCKFORD,DRUGS IN OUR TIME,CASANOVA,24
74157,JOANNE M MOCK,Q6172160,JEANNE MOCKFORD,DRUGS: THE CHILDREN ARE CHOOSING - THE NEED FOR DIALOGUE,CASANOVA,13
74157,JOANNE M MOCK,Q6172160,JEANNE MOCKFORD,THE PHARMACOLOGY OF DRUGS,CASANOVA,18
74157,JOANNE M MOCK,Q6172160,JEANNE MOCKFORD,THE ALLURE OF DRUGS,CASANOVA,22
74157,JOANNE M MOCK,Q3179679,JOANNE MARCOTTE,WHAT CAN WE DO?,Q3203995,0
74157,JOANNE M MOCK,Q3179679,JOANNE MARCOTTE,WHAT SOME COMMUNITIES ARE DOING,Q3203995,0
74157,JOANNE M MOCK,Q3179679,JOANNE MARCOTTE,DRUGS AND THE VERY YOUNG,Q3203995,0
74157,JOANNE M MOCK,Q3179679,JOANNE MARCOTTE,DRUGS IN OUR TIME,Q3203995,0
74157,JOANNE M MOCK,Q3179679,JOANNE MARCOTTE,DRUGS: THE CHILDREN ARE CHOOSING - THE NEED FOR DIALOGUE,Q3203995,0
74157,JOANNE M MOCK,Q3179679,JOANNE MARCOTTE,THE PHARMACOLOGY OF DRUGS,Q3203995,0
74157,JOANNE M MOCK,Q3179679,JOANNE MARCOTTE,THE ALLURE OF DRUGS,Q3203995,0
74157,JOANNE M MOCK,Q40523806,ANNE MOEN,WHAT CAN WE DO?,WHITE NIGHT,40
74157,JOANNE M MOCK,Q40523806,ANNE MOEN,WHAT SOME COMMUNITIES ARE DOING,WHITE NIGHT,33
74157,JOANNE M MOCK,Q40523806,ANNE MOEN,DRUGS AND THE VERY YOUNG,KLOWN FOREVER,43
74157,JOANNE M MOCK,Q40523806,ANNE MOEN,DRUGS IN OUR TIME,WHITE NIGHT,36
74157,JOANNE M MOCK,Q40523806,ANNE MOEN,DRUGS: THE CHILDREN ARE CHOOSING - THE NEED FOR DIALOGUE,WHITE NIGHT,22
74157,JOANNE M MOCK,Q40523806,ANNE MOEN,THE PHARMACOLOGY OF DRUGS,WHITE NIGHT,28
74157,JOANNE M MOCK,Q40523806,ANNE MOEN,THE ALLURE OF DRUGS,KLOWN FOREVER,31
74157,JOANNE M MOCK,Q1698467,JOHANNES SUHM,WHAT CAN WE DO?,THE BAADER MEINHOF COMPLEX,35
74157,JOANNE M MOCK,Q1698467,JOHANNES SUHM,WHAT SOME COMMUNITIES ARE DOING,THE BAADER MEINHOF COMPLEX,46
74157,JOANNE M MOCK,Q1698467,JOHANNES SUHM,DRUGS AND THE VERY YOUNG,THE REVENGE OF THE TRAVELING WHORE,41
74157,JOANNE M MOCK,Q1698467,JOHANNES SUHM,DRUGS IN OUR TIME,THE SILENCE,43
74157,JOANNE M MOCK,Q1698467,JOHANNES SUHM,DRUGS: THE CHILDREN ARE CHOOSING - THE NEED FOR DIALOGUE,THE BAADER MEINHOF COMPLEX,38
74157,JOANNE M MOCK,Q1698467,JOHANNES SUHM,THE PHARMACOLOGY OF DRUGS,THE BAADER MEINHOF COMPLEX,43
74157,JOANNE M MOCK,Q1698467,JOHANNES SUHM,THE ALLURE OF DRUGS,THE BAADER MEINHOF COMPLEX,44
74157,JOANNE M MOCK,Q22093705,JOHANNA MORCK,WHAT CAN WE DO?,COLD PREY 2,32
74157,JOANNE M MOCK,Q22093705,JOHANNA MORCK,WHAT SOME COMMUNITIES ARE DOING,COLD PREY 2,29
74157,JOANNE M MOCK,Q22093705,JOHANNA MORCK,DRUGS AND THE VERY YOUNG,COLD PREY 2,29
74157,JOANNE M MOCK,Q22093705,JOHANNA MORCK,DRUGS IN OUR TIME,TROLLHUNTER,36
74157,JOANNE M MOCK,Q22093705,JOHANNA MORCK,DRUGS: THE CHILDREN ARE CHOOSING - THE NEED FOR DIALOGUE,COLD PREY 2,25
74157,JOANNE M MOCK,Q22093705,JOHANNA MORCK,THE PHARMACOLOGY OF DRUGS,COLD PREY 2,33
74157,JOANNE M MOCK,Q22093705,JOHANNA MORCK,THE ALLURE OF DRUGS,TROLLHUNTER,33
74157,JOANNE M MOCK,Q489073,KIM JAE-WOOK,WHAT CAN WE DO?,"TWO ROOMS, TWO NIGHTS",41
74157,JOANNE M MOCK,Q489073,KIM JAE-WOOK,WHAT SOME COMMUNITIES ARE DOING,"TWO ROOMS, TWO NIGHTS",43
74157,JOANNE M MOCK,Q489073,KIM JAE-WOOK,DRUGS AND THE VERY YOUNG,"TWO ROOMS, TWO NIGHTS",36
74157,JOANNE M MOCK,Q489073,KIM JAE-WOOK,DRUGS IN OUR TIME,"TWO ROOMS, TWO NIGHTS",38
74157,JOANNE M MOCK,Q489073,KIM JAE-WOOK,DRUGS: THE CHILDREN ARE CHOOSING - THE NEED FOR DIALOGUE,"TWO ROOMS, TWO NIGHTS",27
74157,JOANNE M MOCK,Q489073,KIM JAE-WOOK,THE PHARMACOLOGY OF DRUGS,"TWO ROOMS, TWO NIGHTS",36
74157,JOANNE M MOCK,Q489073,KIM JAE-WOOK,THE ALLURE OF DRUGS,"TWO ROOMS, TWO NIGHTS",36
74157,JOANNE M MOCK,Q3808567,JOANNA MOSKWA,WHAT CAN WE DO?,L'ALLENATORE NEL PALLONE 2,35
74157,JOANNE M MOCK,Q3808567,JOANNA MOSKWA,WHAT SOME COMMUNITIES ARE DOING,L'ALLENATORE NEL PALLONE 2,35
74157,JOANNE M MOCK,Q3808567,JOANNA MOSKWA,DRUGS AND THE VERY YOUNG,L'ALLENATORE NEL PALLONE 2,36
74157,JOANNE M MOCK,Q3808567,JOANNA MOSKWA,DRUGS IN OUR TIME,L'ALLENATORE NEL PALLONE 2,28
74157,JOANNE M MOCK,Q3808567,JOANNA MOSKWA,DRUGS: THE CHILDREN ARE CHOOSING - THE NEED FOR DIALOGUE,L'ALLENATORE NEL PALLONE 2,33
74157,JOANNE M MOCK,Q3808567,JOANNA MOSKWA,THE PHARMACOLOGY OF DRUGS,L'ALLENATORE NEL PALLONE 2,31
74157,JOANNE M MOCK,Q3808567,JOANNA MOSKWA,THE ALLURE OF DRUGS,L'ALLENATORE NEL PALLONE 2,40
74157,JOANNE M MOCK,Q143059,JOHANNES OCKEGHEM,WHAT CAN WE DO?,BURY ME IN REDWOOD COUNTRY,35
74157,JOANNE M MOCK,Q143059,JOHANNES OCKEGHEM,WHAT SOME COMMUNITIES ARE DOING,BURY ME IN REDWOOD COUNTRY,53
74157,JOANNE M MOCK,Q143059,JOHANNES OCKEGHEM,DRUGS AND THE VERY YOUNG,BURY ME IN REDWOOD COUNTRY,28
74157,JOANNE M MOCK,Q143059,JOHANNES OCKEGHEM,DRUGS IN OUR TIME,BURY ME IN REDWOOD COUNTRY,42
74157,JOANNE M MOCK,Q143059,JOHANNES OCKEGHEM,DRUGS: THE CHILDREN ARE CHOOSING - THE NEED FOR DIALOGUE,BURY ME IN REDWOOD COUNTRY,33
74157,JOANNE M MOCK,Q143059,JOHANNES OCKEGHEM,THE PHARMACOLOGY OF DRUGS,BURY ME IN REDWOOD COUNTRY,27
74157,JOANNE M MOCK,Q143059,JOHANNES OCKEGHEM,THE ALLURE OF DRUGS,BURY ME IN REDWOOD COUNTRY,31
74157,JOANNE M MOCK,Q4768930,ANNE EMOND,WHAT CAN WE DO?,OUR LOVED ONES,29
74157,JOANNE M MOCK,Q4768930,ANNE EMOND,WHAT SOME COMMUNITIES ARE DOING,OUR LOVED ONES,36
74157,JOANNE M MOCK,Q4768930,ANNE EMOND,DRUGS AND THE VERY YOUNG,YOUNG JULIETTE,47
74157,JOANNE M MOCK,Q4768930,ANNE EMOND,DRUGS IN OUR TIME,OUR LOVED ONES,45
74157,JOANNE M MOCK,Q4768930,ANNE EMOND,DRUGS: THE CHILDREN ARE CHOOSING - THE NEED FOR DIALOGUE,OUR LOVED ONES,30
74157,JOANNE M MOCK,Q4768930,ANNE EMOND,THE PHARMACOLOGY OF DRUGS,OUR LOVED ONES,26
74157,JOANNE M MOCK,Q4768930,ANNE EMOND,THE ALLURE OF DRUGS,OUR LOVED ONES,36
74157,JOANNE M MOCK,Q18232118,JOHANNES NYMARK,WHAT CAN WE DO?,A FORTUNATE MAN,41
74157,JOANNE M MOCK,Q18232118,JOHANNES NYMARK,WHAT SOME COMMUNITIES ARE DOING,A FORTUNATE MAN,43
74157,JOANNE M MOCK,Q18232118,JOHANNES NYMARK,DRUGS AND THE VERY YOUNG,A FORTUNATE MAN,41
74157,JOANNE M MOCK,Q18232118,JOHANNES NYMARK,DRUGS IN OUR TIME,ITSI BITSI,37
74157,JOANNE M MOCK,Q18232118,JOHANNES NYMARK,DRUGS: THE CHILDREN ARE CHOOSING - THE NEED FOR DIALOGUE,GUDSFORLADT,28
74157,JOANNE M MOCK,Q18232118,JOHANNES NYMARK,THE PHARMACOLOGY OF DRUGS,GUDSFORLADT,33
74157,JOANNE M MOCK,Q18232118,JOHANNES NYMARK,THE ALLURE OF DRUGS,THIS LIFE,36
74157,JOANNE M MOCK,Q17105088,KARI ANNE MOE,WHAT CAN WE DO?,BRAVEHEARTS,40
74157,JOANNE M MOCK,Q17105088,KARI ANNE MOE,WHAT SOME COMMUNITIES ARE DOING,BRAVEHEARTS,24
74157,JOANNE M MOCK,Q17105088,KARI ANNE MOE,DRUGS AND THE VERY YOUNG,BRAVEHEARTS,23
74157,JOANNE M MOCK,Q17105088,KARI ANNE MOE,DRUGS IN OUR TIME,BRAVEHEARTS,21
74157,JOANNE M MOCK,Q17105088,KARI ANNE MOE,DRUGS: THE CHILDREN ARE CHOOSING - THE NEED FOR DIALOGUE,BRAVEHEARTS,22
74157,JOANNE M MOCK,Q17105088,KARI ANNE MOE,THE PHARMACOLOGY OF DRUGS,BRAVEHEARTS,28
74157,JOANNE M MOCK,Q17105088,KARI ANNE MOE,THE ALLURE OF DRUGS,BRAVEHEARTS,27
74157,JOANNE M MOCK,Q16299962,JOHANNA KOKKO,WHAT CAN WE DO?,CLOWNWISE,35
74157,JOANNE M MOCK,Q16299962,JOHANNA KOKKO,WHAT SOME COMMUNITIES ARE DOING,CLOWNWISE,30
74157,JOANNE M MOCK,Q16299962,JOHANNA KOKKO,DRUGS AND THE VERY YOUNG,CLOWNWISE,18
74157,JOANNE M MOCK,Q16299962,JOHANNA KOKKO,DRUGS IN OUR TIME,CLOWNWISE,23
74157,JOANNE M MOCK,Q16299962,JOHANNA KOKKO,DRUGS: THE CHILDREN ARE CHOOSING - THE NEED FOR DIALOGUE,CLOWNWISE,23
74157,JOANNE M MOCK,Q16299962,JOHANNA KOKKO,THE PHARMACOLOGY OF DRUGS,CLOWNWISE,24
74157,JOANNE M MOCK,Q16299962,JOHANNA KOKKO,THE ALLURE OF DRUGS,CLOWNWISE,21
74157,JOANNE M MOCK,Q11727452,JOANNA LICHOCKA,WHAT CAN WE DO?,Q11827153,0
74157,JOANNE M MOCK,Q11727452,JOANNA LICHOCKA,WHAT SOME COMMUNITIES ARE DOING,Q11827153,0
74157,JOANNE M MOCK,Q11727452,JOANNA LICHOCKA,DRUGS AND THE VERY YOUNG,Q11827153,0
74157,JOANNE M MOCK,Q11727452,JOANNA LICHOCKA,DRUGS IN OUR TIME,Q11827153,0
74157,JOANNE M MOCK,Q11727452,JOANNA LICHOCKA,DRUGS: THE CHILDREN ARE CHOOSING - THE NEED FOR DIALOGUE,Q11827153,0
74157,JOANNE M MOCK,Q11727452,JOANNA LICHOCKA,THE PHARMACOLOGY OF DRUGS,Q11827153,0
74157,JOANNE M MOCK,Q11727452,JOANNA LICHOCKA,THE ALLURE OF DRUGS,Q11827153,0
74157,JOANNE M MOCK,Q6843756,OH JAE-MOO,WHAT CAN WE DO?,RED FAMILY,25
74157,JOANNE M MOCK,Q6843756,OH JAE-MOO,WHAT SOME COMMUNITIES ARE DOING,RED FAMILY,24
74157,JOANNE M MOCK,Q6843756,OH JAE-MOO,DRUGS AND THE VERY YOUNG,RED FAMILY,24
74157,JOANNE M MOCK,Q6843756,OH JAE-MOO,DRUGS IN OUR TIME,RED FAMILY,30
74157,JOANNE M MOCK,Q6843756,OH JAE-MOO,DRUGS: THE CHILDREN ARE CHOOSING - THE NEED FOR DIALOGUE,RED FAMILY,22
74157,JOANNE M MOCK,Q6843756,OH JAE-MOO,THE PHARMACOLOGY OF DRUGS,RED FAMILY,40
74157,JOANNE M MOCK,Q6843756,OH JAE-MOO,THE ALLURE OF DRUGS,RED FAMILY,34
74157,JOANNE M MOCK,Q15821424,JOHANNA MODER,WHAT CAN WE DO?,ONCE WERE REBELS,33
74157,JOANNE M MOCK,Q15821424,JOHANNA MODER,WHAT SOME COMMUNITIES ARE DOING,ONCE WERE REBELS,30
74157,JOANNE M MOCK,Q15821424,JOHANNA MODER,DRUGS AND THE VERY YOUNG,HIGH PERFORMANCE,35
74157,JOANNE M MOCK,Q15821424,JOHANNA MODER,DRUGS IN OUR TIME,HIGH PERFORMANCE,36
74157,JOANNE M MOCK,Q15821424,JOHANNA MODER,DRUGS: THE CHILDREN ARE CHOOSING - THE NEED FOR DIALOGUE,HIGH PERFORMANCE,32
74157,JOANNE M MOCK,Q15821424,JOHANNA MODER,THE PHARMACOLOGY OF DRUGS,HIGH PERFORMANCE,39
74157,JOANNE M MOCK,Q15821424,JOHANNA MODER,THE ALLURE OF DRUGS,ONCE WERE REBELS,34
74157,JOANNE M MOCK,Q61985167,JOANNA KOZUCH,WHAT CAN WE DO?,Q61985169,0
74157,JOANNE M MOCK,Q61985167,JOANNA KOZUCH,WHAT SOME COMMUNITIES ARE DOING,Q61985169,0
74157,JOANNE M MOCK,Q61985167,JOANNA KOZUCH,DRUGS AND THE VERY YOUNG,Q61985169,0
74157,JOANNE M MOCK,Q61985167,JOANNA KOZUCH,DRUGS IN OUR TIME,Q61985169,0
74157,JOANNE M MOCK,Q61985167,JOANNA KOZUCH,DRUGS: THE CHILDREN ARE CHOOSING - THE NEED FOR DIALOGUE,Q61985169,0
74157,JOANNE M MOCK,Q61985167,JOANNA KOZUCH,THE PHARMACOLOGY OF DRUGS,Q61985169,0
74157,JOANNE M MOCK,Q61985167,JOANNA KOZUCH,THE ALLURE OF DRUGS,Q61985169,0
74157,JOANNE M MOCK,Q87974261,JOANNA MACHA,WHAT CAN WE DO?,STRANGE HEAVEN,29
74157,JOANNE M MOCK,Q87974261,JOANNA MACHA,WHAT SOME COMMUNITIES ARE DOING,STRANGE HEAVEN,31
74157,JOANNE M MOCK,Q87974261,JOANNA MACHA,DRUGS AND THE VERY YOUNG,STRANGE HEAVEN,42
74157,JOANNE M MOCK,Q87974261,JOANNA MACHA,DRUGS IN OUR TIME,STRANGE HEAVEN,26
74157,JOANNE M MOCK,Q87974261,JOANNA MACHA,DRUGS: THE CHILDREN ARE CHOOSING - THE NEED FOR DIALOGUE,STRANGE HEAVEN,27
74157,JOANNE M MOCK,Q87974261,JOANNA MACHA,THE PHARMACOLOGY OF DRUGS,STRANGE HEAVEN,31
74157,JOANNE M MOCK,Q87974261,JOANNA MACHA,THE ALLURE OF DRUGS,STRANGE HEAVEN,36
74157,JOANNE M MOCK,Q49841458,JODIE MACK,WHAT CAN WE DO?,WASTELAND NO. 1,43
74157,JOANNE M MOCK,Q49841458,JODIE MACK,WHAT SOME COMMUNITIES ARE DOING,SOMETHING BETWEEN US,39
74157,JOANNE M MOCK,Q49841458,JODIE MACK,DRUGS AND THE VERY YOUNG,SOMETHING BETWEEN US,32
74157,JOANNE M MOCK,Q49841458,JODIE MACK,DRUGS IN OUR TIME,WASTELAND NO. 1,39
74157,JOANNE M MOCK,Q49841458,JODIE MACK,DRUGS: THE CHILDREN ARE CHOOSING - THE NEED FOR DIALOGUE,SOMETHING BETWEEN US,30
74157,JOANNE M MOCK,Q49841458,JODIE MACK,THE PHARMACOLOGY OF DRUGS,WASTELAND NO. 1,31
74157,JOANNE M MOCK,Q49841458,JODIE MACK,THE ALLURE OF DRUGS,SOMETHING BETWEEN US,31
74157,JOANNE M MOCK,Q24734386,JAMES MAYCOCK,WHAT CAN WE DO?,YEHUDI MENUHIN: WHO WAS YEHUDI?,33
74157,JOANNE M MOCK,Q24734386,JAMES MAYCOCK,WHAT SOME COMMUNITIES ARE DOING,YEHUDI MENUHIN: WHO WAS YEHUDI?,33
74157,JOANNE M MOCK,Q24734386,JAMES MAYCOCK,DRUGS AND THE VERY YOUNG,YEHUDI MENUHIN: WHO WAS YEHUDI?,38
74157,JOANNE M MOCK,Q24734386,JAMES MAYCOCK,DRUGS IN OUR TIME,YEHUDI MENUHIN: WHO WAS YEHUDI?,35
74157,JOANNE M MOCK,Q24734386,JAMES MAYCOCK,DRUGS: THE CHILDREN ARE CHOOSING - THE NEED FOR DIALOGUE,YEHUDI MENUHIN: WHO WAS YEHUDI?,39
74157,JOANNE M MOCK,Q24734386,JAMES MAYCOCK,THE PHARMACOLOGY OF DRUGS,YEHUDI MENUHIN: WHO WAS YEHUDI?,30
74157,JOANNE M MOCK,Q24734386,JAMES MAYCOCK,THE ALLURE OF DRUGS,YEHUDI MENUHIN: WHO WAS YEHUDI?,33
74157,JOANNE M MOCK,Q27051822,JOHANNES MOOYMAN,WHAT CAN WE DO?,T. MABRY CARLTON JR. MEMORIAL RESERVE,37
74157,JOANNE M MOCK,Q27051822,JOHANNES MOOYMAN,WHAT SOME COMMUNITIES ARE DOING,T. MABRY CARLTON JR. MEMORIAL RESERVE,39
74157,JOANNE M MOCK,Q27051822,JOHANNES MOOYMAN,DRUGS AND THE VERY YOUNG,T. MABRY CARLTON JR. MEMORIAL RESERVE,34
74157,JOANNE M MOCK,Q27051822,JOHANNES MOOYMAN,DRUGS IN OUR TIME,T. MABRY CARLTON JR. MEMORIAL RESERVE,27
74157,JOANNE M MOCK,Q27051822,JOHANNES MOOYMAN,DRUGS: THE CHILDREN ARE CHOOSING - THE NEED FOR DIALOGUE,T. MABRY CARLTON JR. MEMORIAL RESERVE,39
74157,JOANNE M MOCK,Q27051822,JOHANNES MOOYMAN,THE PHARMACOLOGY OF DRUGS,T. MABRY CARLTON JR. MEMORIAL RESERVE,33
74157,JOANNE M MOCK,Q27051822,JOHANNES MOOYMAN,THE ALLURE OF DRUGS,T. MABRY CARLTON JR. MEMORIAL RESERVE,33
74157,JOANNE M MOCK,Q565040,ANNE BOLIK,WHAT CAN WE DO?,Q59315737,0
74157,JOANNE M MOCK,Q565040,ANNE BOLIK,WHAT SOME COMMUNITIES ARE DOING,Q59315737,0
74157,JOANNE M MOCK,Q565040,ANNE BOLIK,DRUGS AND THE VERY YOUNG,Q59315737,0
74157,JOANNE M MOCK,Q565040,ANNE BOLIK,DRUGS IN OUR TIME,Q59315737,0
74157,JOANNE M MOCK,Q565040,ANNE BOLIK,DRUGS: THE CHILDREN ARE CHOOSING - THE NEED FOR DIALOGUE,Q59315737,0
74157,JOANNE M MOCK,Q565040,ANNE BOLIK,THE PHARMACOLOGY OF DRUGS,Q59315737,0
74157,JOANNE M MOCK,Q565040,ANNE BOLIK,THE ALLURE OF DRUGS,Q59315737,0
74157,JOANNE M MOCK,Q56487921,ANNE BOLICK,WHAT CAN WE DO?,HEAD BURST,25
74157,JOANNE M MOCK,Q56487921,ANNE BOLICK,WHAT SOME COMMUNITIES ARE DOING,HEAD BURST,24
74157,JOANNE M MOCK,Q56487921,ANNE BOLICK,DRUGS AND THE VERY YOUNG,HEAD BURST,29
74157,JOANNE M MOCK,Q56487921,ANNE BOLICK,DRUGS IN OUR TIME,HEAD BURST,30
74157,JOANNE M MOCK,Q56487921,ANNE BOLICK,DRUGS: THE CHILDREN ARE CHOOSING - THE NEED FOR DIALOGUE,HEAD BURST,22
74157,JOANNE M MOCK,Q56487921,ANNE BOLICK,THE PHARMACOLOGY OF DRUGS,HEAD BURST,29
74157,JOANNE M MOCK,Q56487921,ANNE BOLICK,THE ALLURE OF DRUGS,HEAD BURST,41
74157,JOANNE M MOCK,Q60319090,JOHAN ROORYCK,WHAT CAN WE DO?,PAYWALL: THE BUSINESS OF SCHOLARSHIP,37
74157,JOANNE M MOCK,Q60319090,JOHAN ROORYCK,WHAT SOME COMMUNITIES ARE DOING,PAYWALL: THE BUSINESS OF SCHOLARSHIP,33
74157,JOANNE M MOCK,Q60319090,JOHAN ROORYCK,DRUGS AND THE VERY YOUNG,PAYWALL: THE BUSINESS OF SCHOLARSHIP,27
74157,JOANNE M MOCK,Q60319090,JOHAN ROORYCK,DRUGS IN OUR TIME,PAYWALL: THE BUSINESS OF SCHOLARSHIP,38
74157,JOANNE M MOCK,Q60319090,JOHAN ROORYCK,DRUGS: THE CHILDREN ARE CHOOSING - THE NEED FOR DIALOGUE,PAYWALL: THE BUSINESS OF SCHOLARSHIP,36
74157,JOANNE M MOCK,Q60319090,JOHAN ROORYCK,THE PHARMACOLOGY OF DRUGS,PAYWALL: THE BUSINESS OF SCHOLARSHIP,53
74157,JOANNE M MOCK,Q60319090,JOHAN ROORYCK,THE ALLURE OF DRUGS,PAYWALL: THE BUSINESS OF SCHOLARSHIP,37
74157,JOANNE M MOCK,Q104775760,JOAN SIMON,WHAT CAN WE DO?,BE NATURAL: THE UNTOLD STORY OF ALICE GUY-BLACHE,30
74157,JOANNE M MOCK,Q104775760,JOAN SIMON,WHAT SOME COMMUNITIES ARE DOING,BE NATURAL: THE UNTOLD STORY OF ALICE GUY-BLACHE,38
74157,JOANNE M MOCK,Q104775760,JOAN SIMON,DRUGS AND THE VERY YOUNG,BE NATURAL: THE UNTOLD STORY OF ALICE GUY-BLACHE,31
74157,JOANNE M MOCK,Q104775760,JOAN SIMON,DRUGS IN OUR TIME,BE NATURAL: THE UNTOLD STORY OF ALICE GUY-BLACHE,28
74157,JOANNE M MOCK,Q104775760,JOAN SIMON,DRUGS: THE CHILDREN ARE CHOOSING - THE NEED FOR DIALOGUE,BE NATURAL: THE UNTOLD STORY OF ALICE GUY-BLACHE,44
74157,JOANNE M MOCK,Q104775760,JOAN SIMON,THE PHARMACOLOGY OF DRUGS,BE NATURAL: THE UNTOLD STORY OF ALICE GUY-BLACHE,36
74157,JOANNE M MOCK,Q104775760,JOAN SIMON,THE ALLURE OF DRUGS,BE NATURAL: THE UNTOLD STORY OF ALICE GUY-BLACHE,39
74157,JOANNE M MOCK,Q55728303,KIM JAE-ROK,WHAT CAN WE DO?,A BEDSORE,43
74157,JOANNE M MOCK,Q55728303,KIM JAE-ROK,WHAT SOME COMMUNITIES ARE DOING,A BEDSORE,35
74157,JOANNE M MOCK,Q55728303,KIM JAE-ROK,DRUGS AND THE VERY YOUNG,A BEDSORE,30
74157,JOANNE M MOCK,Q55728303,KIM JAE-ROK,DRUGS IN OUR TIME,A BEDSORE,38
74157,JOANNE M MOCK,Q55728303,KIM JAE-ROK,DRUGS: THE CHILDREN ARE CHOOSING - THE NEED FOR DIALOGUE,A BEDSORE,26
74157,JOANNE M MOCK,Q55728303,KIM JAE-ROK,THE PHARMACOLOGY OF DRUGS,A BEDSORE,29
74157,JOANNE M MOCK,Q55728303,KIM JAE-ROK,THE ALLURE OF DRUGS,A BEDSORE,43
