acmi_id,acmi_name,wikidata_id,wikidata_name,match
15151,ALEXANDER HAMMID,Q313362,ALEXANDRE DESPLAT,54
15151,ALEXANDER HAMMID,Q2603039,ALEXANDER D'ARCY,52
15151,ALEXANDER HAMMID,Q323271,ALEXANDER GOLITZEN,51
15151,ALEXANDER HAMMID,Q1968780,ALEXANDER HALL,51
15151,ALEXANDER HAMMID,Q556039,ALESSANDRO HABER,51
15151,ALEXANDER HAMMID,Q95356,GEORG ALEXANDER,51
15151,ALEXANDER HAMMID,Q55221,ALEXANDER KORDA,50
15151,ALEXANDER HAMMID,Q90445,ROLF ALEXANDER WILHELM,50
15151,ALEXANDER HAMMID,Q2864973,ARTHUR ALEXANDER,50
15151,ALEXANDER HAMMID,Q545858,ALEXANDER KNOX,50
15151,ALEXANDER HAMMID,Q451524,ALEXANDRA STEWART,50
15151,ALEXANDER HAMMID,Q2833873,ALEXANDRE MIHALESCO,49
15151,ALEXANDER HAMMID,Q983626,MANUEL ALEXANDRE,49
15151,ALEXANDER HAMMID,Q1717967,ALEXANDER MURSKI,49
15151,ALEXANDER HAMMID,Q3194014,KATHARINE ALEXANDER,49
15151,ALEXANDER HAMMID,Q3430461,RICHARD ALEXANDER,49
15151,ALEXANDER HAMMID,Q242717,JANE ALEXANDER,49
15151,ALEXANDER HAMMID,Q518708,JEFF ALEXANDER,49
15151,ALEXANDER HAMMID,Q718098,ALEXANDRE MNOUCHKINE,48
15151,ALEXANDER HAMMID,Q78817,ALEXANDER GRANACH,48
15151,ALEXANDER HAMMID,Q38337,ALEXANDRE DUMAS,48
15151,ALEXANDER HAMMID,Q1378858,BEN ALEXANDER,48
15151,ALEXANDER HAMMID,Q268294,ALEXANDRA PAUL,47
15151,ALEXANDER HAMMID,Q7088396,OLLY ALEXANDER,47
15151,ALEXANDER HAMMID,Q310637,ALEXANDER SKARSGARD,47
15151,ALEXANDER HAMMID,Q44801,PETER ALEXANDER,47
15151,ALEXANDER HAMMID,Q99544,ALEXANDER ENGEL,47
15151,ALEXANDER HAMMID,Q599840,ALEXANDRE TRAUNER,47
15151,ALEXANDER HAMMID,Q78909,ALEXANDER KOLOWRAT,46
15151,ALEXANDER HAMMID,Q4719358,ALEXANDER LASZLO,46
15151,ALEXANDER HAMMID,Q46479,ZARAH LEANDER,46
15151,ALEXANDER HAMMID,Q2641821,ALEXANDER BERNER,46
15151,ALEXANDER HAMMID,Q1449546,ALEXANDER BUTLER,46
15151,ALEXANDER HAMMID,Q4718041,ALEX ZAMM,46
15151,ALEXANDER HAMMID,Q712725,ALEXANDER FU,46
15151,ALEXANDER HAMMID,Q457268,ALEXANDRA LAMY,46
15151,ALEXANDER HAMMID,Q6105849,J. GRUBB ALEXANDER,46
15151,ALEXANDER HAMMID,Q55172,ALEXANDER SOKUROV,46
15151,ALEXANDER HAMMID,Q434495,JOHN ALEXANDER,46
15151,ALEXANDER HAMMID,Q1772301,ALEXANDER GRUSZYNSKI,46
15151,ALEXANDER HAMMID,Q90293,ALEXANDER FEHLING,46
15151,ALEXANDER HAMMID,Q59684326,ALESSANDRO LAI,46
15151,ALEXANDER HAMMID,Q104601,ALEXANDER GOLLING,45
15151,ALEXANDER HAMMID,Q268881,MIMI LEDER,45
15151,ALEXANDER HAMMID,Q311754,JASON ALEXANDER,45
15151,ALEXANDER HAMMID,Q7200,ALEXANDER PUSHKIN,45
15151,ALEXANDER HAMMID,Q981256,ALEXANDRE ASTRUC,45
15151,ALEXANDER HAMMID,Q929406,ALESSANDRO LUCIDI,45
15151,ALEXANDER HAMMID,Q4524232,ALEKSANDR SHIRVINDT,45
15151,ALEXANDER HAMMID,Q4164786,EMAD HAMDY,45
15151,ALEXANDER HAMMID,Q4718501,ALEXANDER CALVERT,45
15151,ALEXANDER HAMMID,Q78962,ALEXANDER KERST,45
15151,ALEXANDER HAMMID,Q1394107,ALEXANDER COURAGE,45
15151,ALEXANDER HAMMID,Q769800,ALESSANDRO SIANI,44
15151,ALEXANDER HAMMID,Q772633,ALEXANDRE ARCADY,44
15151,ALEXANDER HAMMID,Q4714486,ALEJANDRO AWADA,44
15151,ALEXANDER HAMMID,Q12411934,SHARON ALEXANDER,44
15151,ALEXANDER HAMMID,Q60637,ALEXANDER KLUGE,44
15151,ALEXANDER HAMMID,Q87676,ALEXANDER HELD,44
15151,ALEXANDER HAMMID,Q463287,SARAH ALEXANDER,44
15151,ALEXANDER HAMMID,Q1433134,ALEXANDER RODNYANSKY,44
15151,ALEXANDER HAMMID,Q4714599,ALEJANDRO MAXIMINO,44
15151,ALEXANDER HAMMID,Q15430273,MAXIME ALEXANDRE,44
15151,ALEXANDER HAMMID,Q2833293,ALEXANDRA JIMENEZ,44
15151,ALEXANDER HAMMID,Q4497030,ALEXANDER KHVYLYA,44
15151,ALEXANDER HAMMID,Q2832432,ALEJANDRO CHOMSKI,44
15151,ALEXANDER HAMMID,Q1759105,ALEKSANDAR GAVRIC,44
15151,ALEXANDER HAMMID,Q1796215,TERENCE ALEXANDER,44
15151,ALEXANDER HAMMID,Q3310170,ROSS ALEXANDER,44
15151,ALEXANDER HAMMID,Q324218,ALEKSANDER BARDINI,44
15151,ALEXANDER HAMMID,Q3180874,JOHN ALEXANDER,44
15151,ALEXANDER HAMMID,Q4181867,ALEXANDER ZHURBIN,44
15151,ALEXANDER HAMMID,Q2833295,ALEXANDRA LORSKA,44
15151,ALEXANDER HAMMID,Q620653,ALEXANDER KAIDANOVSKY,44
15151,ALEXANDER HAMMID,Q2641711,ALEXANDER ALLERSON,44
15151,ALEXANDER HAMMID,Q620568,ALEKSANDR ZARKHI,44
15151,ALEXANDER HAMMID,Q963135,ALEXANDER ROU,44
15151,ALEXANDER HAMMID,Q2509755,VAN ALEXANDER,43
15151,ALEXANDER HAMMID,Q289594,ALEXANDRA LONDON,43
15151,ALEXANDER HAMMID,Q357624,ALEXANDR HACKENSCHMIED,43
15151,ALEXANDER HAMMID,Q2642058,ALEXANDER ESWAY,43
15151,ALEXANDER HAMMID,Q2642623,ALEXANDER MAY,43
15151,ALEXANDER HAMMID,Q1631715,HOWARD ALEXANDER SMITH,43
15151,ALEXANDER HAMMID,Q42126434,ALEXANDRA ANATRA,43
15151,ALEXANDER HAMMID,Q2834044,ALEXANDRE STEIGER,43
15151,ALEXANDER HAMMID,Q458589,ALEXANDER SCOURBY,43
15151,ALEXANDER HAMMID,Q13036911,ALEKSANDER LALO,43
15151,ALEXANDER HAMMID,Q979169,ALEXANDRE AZARIA,43
15151,ALEXANDER HAMMID,Q4498416,ALEKSANDR KHMELIK,43
15151,ALEXANDER HAMMID,Q21183528,ALEKSANDR PAL,43
15151,ALEXANDER HAMMID,Q463194,ALEXANDER ARUTIUNIAN,43
15151,ALEXANDER HAMMID,Q231556,ALEXANDRA DADDARIO,43
15151,ALEXANDER HAMMID,Q702059,ALEXANDER GRILL,43
15151,ALEXANDER HAMMID,Q11957305,ALEXANDER EIK,43
15151,ALEXANDER HAMMID,Q1980399,ALEXANDER TSEKALO,43
15151,ALEXANDER HAMMID,Q1390108,ALEXANDER MITTA,43
15151,ALEXANDER HAMMID,Q65106,ALEXANDRA MARIA LARA,43
15151,ALEXANDER HAMMID,Q11916447,ALEXANDER HUNZINGER,43
15151,ALEXANDER HAMMID,Q313566,ALEXANDER PAYNE,43
15151,ALEXANDER HAMMID,Q2832448,ALEJANDRO GALINDO,43
15151,ALEXANDER HAMMID,Q3323734,ALEXANDRA ROACH,43
15151,ALEXANDER HAMMID,Q2833411,ALEXANDRE ASTIER,43
15151,ALEXANDER HAMMID,Q2067930,ALEXANDER BELYAVSKY,43
15151,ALEXANDER HAMMID,Q12271465,ALEXANDER DOYNOV,43
15151,ALEXANDER HAMMID,Q3610186,ALESSANDRO PACI,43
15151,ALEXANDER HAMMID,Q3610286,ALESSANDRO SAMPAOLI,43
15151,ALEXANDER HAMMID,Q1173906,DAVID CALDER,43
15151,ALEXANDER HAMMID,Q311165,ALEXANDER SIDDIG,43
15151,ALEXANDER HAMMID,Q1555527,ALEXANDER SCHEER,42
15151,ALEXANDER HAMMID,Q82488,FLEX ALEXANDER,42
15151,ALEXANDER HAMMID,Q716310,ALEXANDER MACKENDRICK,42
15151,ALEXANDER HAMMID,Q4294075,ALEKSANDR MINDADZE,42
15151,ALEXANDER HAMMID,Q3476164,SCOTT ALEXANDER,42
15151,ALEXANDER HAMMID,Q777691,ALESSANDRO MOMO,42
15151,ALEXANDER HAMMID,Q1935233,ALEXANDER KNAIFEL,42
15151,ALEXANDER HAMMID,Q446045,ALEXANDRA HOLDEN,42
15151,ALEXANDER HAMMID,Q15075178,ALEXANDER SURIN,42
15151,ALEXANDER HAMMID,Q972590,ALESSANDRO CAMON,42
15151,ALEXANDER HAMMID,Q16856585,SASCHA ALEXANDER GERSAK,42
15151,ALEXANDER HAMMID,Q67026,ALEXANDER BEYER,42
15151,ALEXANDER HAMMID,Q1257887,ALEKSANDER FORD,42
15151,ALEXANDER HAMMID,Q4720433,ALEXANDER YELLEN,42
15151,ALEXANDER HAMMID,Q112362,ALEXANDER MOISSI,42
15151,ALEXANDER HAMMID,Q1144999,CURT ALEXANDER,42
15151,ALEXANDER HAMMID,Q253343,JAIMIE ALEXANDER,42
15151,ALEXANDER HAMMID,Q1292840,ALEXANDRA SORINA,42
15151,ALEXANDER HAMMID,Q1702416,ALEXANDER STEPHAN,42
15151,ALEXANDER HAMMID,Q285564,ALEXANDER SALKIND,42
15151,ALEXANDER HAMMID,Q27644572,ALEJANDRO MARCIAL,42
15151,ALEXANDER HAMMID,Q2644333,ALEKSANDR GALIBIN,42
15151,ALEXANDER HAMMID,Q3161841,JANE ALEXANDER,42
15151,ALEXANDER HAMMID,Q109735753,ALEXANDRE TOOMA,42
15151,ALEXANDER HAMMID,Q289088,ALEXANDER LAZAREV,42
15151,ALEXANDER HAMMID,Q95315386,ALEXANDER SURKALA,42
15151,ALEXANDER HAMMID,Q87409700,ALEXANDRA MYSKOVA,42
15151,ALEXANDER HAMMID,Q3546701,ALEJANDRO TOMMASI,41
15151,ALEXANDER HAMMID,Q2833696,ALEXANDRE GAVRAS,41
15151,ALEXANDER HAMMID,Q129046,ALEXANDER SINGER,41
15151,ALEXANDER HAMMID,Q640142,ALEXANDER DRANKOV,41
15151,ALEXANDER HAMMID,Q12300963,ALEXANDRE WILLAUME,41
15151,ALEXANDER HAMMID,Q291628,ERIKA ALEXANDER,41
15151,ALEXANDER HAMMID,Q1602476,ALEXANDER SASS,41
15151,ALEXANDER HAMMID,Q259169,ALEXANDRA VANDERNOOT,41
15151,ALEXANDER HAMMID,Q21857269,ALEKSANDR KHARITONOV,41
15151,ALEXANDER HAMMID,Q77758,ALEXANDRA NELDEL,41
15151,ALEXANDER HAMMID,Q3610749,ALEXANDER BERNER,41
15151,ALEXANDER HAMMID,Q4081950,ALEXANDER BELINSKY,41
15151,ALEXANDER HAMMID,Q2643668,ALEXANDRA SCHMITT,41
15151,ALEXANDER HAMMID,Q1351194,ALEXANDER JAGSCH,41
15151,ALEXANDER HAMMID,Q4516248,ALEKSANDR CHIROV,41
15151,ALEXANDER HAMMID,Q185647,ALEXANDER SCRIABIN,41
15151,ALEXANDER HAMMID,Q2325554,ALEXANDRA PELOSI,41
15151,ALEXANDER HAMMID,Q21664604,ALEXANDRE KAMENKA,41
15151,ALEXANDER HAMMID,Q6722176,MAC ALEJANDRE,41
15151,ALEXANDER HAMMID,Q5665361,ALEJANDRO PARODI,41
15151,ALEXANDER HAMMID,Q2580634,JALMARI HELANDER,41
15151,ALEXANDER HAMMID,Q2833126,ALEXANDER GRAY,41
15151,ALEXANDER HAMMID,Q2850957,ANNE ALEXANDRE,41
15151,ALEXANDER HAMMID,Q2642891,ALEXANDER RAMATI,41
15151,ALEXANDER HAMMID,Q2834150,ALEKSANDR ZGURIDI,41
15151,ALEXANDER HAMMID,Q2833529,ALEXANDRE CHARLOT,40
15151,ALEXANDER HAMMID,Q350601,ALEXANDER LUDWIG,40
15151,ALEXANDER HAMMID,Q1933271,MIKE LEANDER,40
15151,ALEXANDER HAMMID,Q3439927,ROLAND ALEXANDRE,40
15151,ALEXANDER HAMMID,Q4157470,ALEKSANDR DEMIDOV,40
15151,ALEXANDER HAMMID,Q242634,KHANDI ALEXANDER,40
15151,ALEXANDER HAMMID,Q12271524,ALEXANDER MORFOV,40
15151,ALEXANDER HAMMID,Q4142762,ALEXANDER GOLDSTEIN,40
15151,ALEXANDER HAMMID,Q4720587,ALEXANDRA BASTEDO,40
15151,ALEXANDER HAMMID,Q14914898,ALEXANDRA SHIPP,40
15151,ALEXANDER HAMMID,Q125354,ALEKSANDER KRUPA,40
15151,ALEXANDER HAMMID,Q4254503,ALEKSANDR LARIKOV,40
15151,ALEXANDER HAMMID,Q15515779,ALEXANDRU PAPADOPOL,40
15151,ALEXANDER HAMMID,Q4521816,ALEKSANDR SHVORIN,40
15151,ALEXANDER HAMMID,Q19609605,ANTON ALEXANDER,40
15151,ALEXANDER HAMMID,Q451978,ALEXANDRA ADI,40
15151,ALEXANDER HAMMID,Q18043858,ALEXANDER FLORES,40
15151,ALEXANDER HAMMID,Q510546,ALEXA HAVINS,40
15151,ALEXANDER HAMMID,Q1597827,TIANA ALEXANDRA,40
15151,ALEXANDER HAMMID,Q17417899,ALEXANDER DITTNER,40
15151,ALEXANDER HAMMID,Q32997030,ALEXANDER ROBINSON,40
15151,ALEXANDER HAMMID,Q1913872,MAXIME ALEXANDRE,40
15151,ALEXANDER HAMMID,Q2833084,ALEXANDER BISPING,40
15151,ALEXANDER HAMMID,Q2834011,ALEXANDRE RYDER,40
15151,ALEXANDER HAMMID,Q15109600,ALEXANDRE LANDRY,40
15151,ALEXANDER HAMMID,Q2642218,ALEXANDER GRUTER,40
15151,ALEXANDER HAMMID,Q2833792,ALEXANDER KOTT,40
15151,ALEXANDER HAMMID,Q2833407,ALEXANDRE ARNAUDY,40
15151,ALEXANDER HAMMID,Q2833655,ALEXANDRE FABRE,40
15151,ALEXANDER HAMMID,Q42293003,ALEXANDRE O. PHILIPPE,40
15151,ALEXANDER HAMMID,Q169150,ALEXANDRE DUMAS FILS,40
15151,ALEXANDER HAMMID,Q213997,ALEXANDER GRIN,40
15151,ALEXANDER HAMMID,Q4188704,ALEXANDRA ZAKHAROVA,40
15151,ALEXANDER HAMMID,Q2833987,ALEXANDRE PROMIO,39
15151,ALEXANDER HAMMID,Q507746,ALEXANDRE ARNOUX,39
15151,ALEXANDER HAMMID,Q2833324,ALEXANDRA WINISKY,39
15151,ALEXANDER HAMMID,Q9601833,ALEXANDRE AVANCINI,39
15151,ALEXANDER HAMMID,Q2832546,ALEXANDER KNYAZHINSKY,39
15151,ALEXANDER HAMMID,Q2459284,ALEXANDER GALICH,39
15151,ALEXANDER HAMMID,Q86316785,ALEXANDER ASEN,39
15151,ALEXANDER HAMMID,Q1443869,ALEKSANDER FOGIEL,39
15151,ALEXANDER HAMMID,Q7704046,TERRY ALEXANDER,39
15151,ALEXANDER HAMMID,Q17352681,ALEXANDER ANTALFFY,39
15151,ALEXANDER HAMMID,Q28465984,ALEJANDRA AQUINO,39
15151,ALEXANDER HAMMID,Q16083424,ALEKSANDAR GAJIN,39
15151,ALEXANDER HAMMID,Q12762099,ALEXANDER KAUTNIK,39
15151,ALEXANDER HAMMID,Q28382517,ALEXANDER LOCKWOOD,39
15151,ALEXANDER HAMMID,Q781305,ALEKSANDR RAZUMNY,39
15151,ALEXANDER HAMMID,Q4258686,ALEXANDER LENKOV,39
15151,ALEXANDER HAMMID,Q239527,ALEXANDRA DAHLSTROM,39
15151,ALEXANDER HAMMID,Q20829652,ALEXANDER HORBE,39
15151,ALEXANDER HAMMID,Q472438,CHAD ALLEN,39
15151,ALEXANDER HAMMID,Q2092420,HELMER ALEXANDERSSON,39
15151,ALEXANDER HAMMID,Q13218109,ALEXANDER PYATKOV,39
15151,ALEXANDER HAMMID,Q2071599,PERO ALEXANDER,39
15151,ALEXANDER HAMMID,Q4139292,ALEKSANDR GLADKOV,39
15151,ALEXANDER HAMMID,Q1661225,ALEXANDRA FINDER,39
15151,ALEXANDER HAMMID,Q16403786,ALEKSANDER EELMAA,39
15151,ALEXANDER HAMMID,Q4360641,ALEXANDER PETROV,39
15151,ALEXANDER HAMMID,Q282778,DAVID ANDERS,39
15151,ALEXANDER HAMMID,Q3157666,JACQUELINE ALEXANDRE,39
15151,ALEXANDER HAMMID,Q8007424,WILLIAM D. ALEXANDER,39
15151,ALEXANDER HAMMID,Q4289819,ALEXANDER MELNIKOV,39
15151,ALEXANDER HAMMID,Q7614443,STEVEN ALEXANDER,39
15151,ALEXANDER HAMMID,Q3609995,ALESSANDRO FABBRI,39
15151,ALEXANDER HAMMID,Q4116992,ALEXANDRU GIUGARU,39
15151,ALEXANDER HAMMID,Q18562379,ALEXANDER TUSCHINSKI,39
15151,ALEXANDER HAMMID,Q3740983,ALEXANDER IVASHKEVICH,39
15151,ALEXANDER HAMMID,Q3610820,ALEXANDRA LA CAPRIA,39
15151,ALEXANDER HAMMID,Q21321157,ALESSANDRO BORGHI,39
15151,ALEXANDER HAMMID,Q9145371,ALEKSANDER FABISIAK,38
15151,ALEXANDER HAMMID,Q550218,ALEXANDRE TANSMAN,38
15151,ALEXANDER HAMMID,Q5900246,ALEXANDER KARIM,38
15151,ALEXANDER HAMMID,Q59780008,ALEXANDER CONTE,38
15151,ALEXANDER HAMMID,Q600577,ALEKSANDER PECI,38
15151,ALEXANDER HAMMID,Q4069118,ALEXANDER GELMAN,38
15151,ALEXANDER HAMMID,Q738114,ALEKSANDAR HEMON,38
15151,ALEXANDER HAMMID,Q4499175,ALEXANDER KHOLMINOV,38
15151,ALEXANDER HAMMID,Q2062110,ALEXANDER BALANESCU,38
15151,ALEXANDER HAMMID,Q63439,ALEXANDER HACKE,38
15151,ALEXANDER HAMMID,Q3308841,MICHEL ALEXANDRE,38
15151,ALEXANDER HAMMID,Q15973233,LAURENT ALEXANDRE,38
15151,ALEXANDER HAMMID,Q482672,ANA ALEXANDER,38
15151,ALEXANDER HAMMID,Q231730,SASHA ALEXANDER,38
15151,ALEXANDER HAMMID,Q1461278,ALEX NIEDERHAUSER,38
15151,ALEXANDER HAMMID,Q3027478,ELIZABETH ALEXANDER,38
15151,ALEXANDER HAMMID,Q151859,ALESSANDRA AMBROSIO,38
15151,ALEXANDER HAMMID,Q19361242,ALEXANDRU BINDEA,38
15151,ALEXANDER HAMMID,Q4718828,ALEXANDER FARIS,38
15151,ALEXANDER HAMMID,Q12720379,ALEXANDRU REPAN,38
15151,ALEXANDER HAMMID,Q2832463,ALEJANDRO PATINO,38
15151,ALEXANDER HAMMID,Q2643254,ALEXANDER WELBAT,38
15151,ALEXANDER HAMMID,Q2366127,ALEXANDER KALYAGIN,38
15151,ALEXANDER HAMMID,Q2643430,ALEXANDER VON LAGORIO,38
15151,ALEXANDER HAMMID,Q2952562,ALEXANDER OEY,38
15151,ALEXANDER HAMMID,Q16488193,ALEXANDRE PINTO,38
15151,ALEXANDER HAMMID,Q57735,ALEXANDER ZHUKOV,38
15151,ALEXANDER HAMMID,Q537422,ALEXANDRA QUINN,38
15151,ALEXANDER HAMMID,Q12748244,ALEKSANDRA SIMIC,38
15151,ALEXANDER HAMMID,Q520725,CHARLOTTE ALEXANDRA,38
15151,ALEXANDER HAMMID,Q28806847,ALEXANDER FOARD,38
15151,ALEXANDER HAMMID,Q4720658,ALEXANDRA HENAO,38
15151,ALEXANDER HAMMID,Q72302982,CHARLES-ALEXANDRE DUBE,38
15151,ALEXANDER HAMMID,Q4718028,ALEX WYNDHAM,38
15151,ALEXANDER HAMMID,Q15635025,ALEXANDER LOSCHE,38
15151,ALEXANDER HAMMID,Q6751127,ALEXANDER PELEG,38
15151,ALEXANDER HAMMID,Q4267680,ALEXANDER LOU,38
15151,ALEXANDER HAMMID,Q5649654,ALEJANDRO MACI,38
15151,ALEXANDER HAMMID,Q10770776,ALEXANDER HEMALA,38
15151,ALEXANDER HAMMID,Q4065275,ALEX ANDERSON,38
15151,ALEXANDER HAMMID,Q4060849,LESLIE ALEXANDER,38
15151,ALEXANDER HAMMID,Q618992,ALEJANDRO CAMACHO,38
15151,ALEXANDER HAMMID,Q3751747,FRANK ALEXANDER,38
15151,ALEXANDER HAMMID,Q1730255,KARL ALEXANDER SEIDEL,38
15151,ALEXANDER HAMMID,Q3126419,HAMID BENNANI,38
15151,ALEXANDER HAMMID,Q3082481,FRANK ALEXANDER,38
15151,ALEXANDER HAMMID,Q939174,ALEXANDER CHAPLIN,38
15151,ALEXANDER HAMMID,Q101112939,ALEXANDRE DUBOIS,38
15151,ALEXANDER HAMMID,Q2833212,ALEXANDER STEINERT,37
15151,ALEXANDER HAMMID,Q76937175,ASKE ALEXANDER FOSS,37
15151,ALEXANDER HAMMID,Q7337064,RIVER ALEXANDER,37
15151,ALEXANDER HAMMID,Q7462376,SHAI ALEXANDER,37
15151,ALEXANDER HAMMID,Q89991,ALEXANDER TROJAN,37
15151,ALEXANDER HAMMID,Q6794529,MAX ALEXANDER,37
15151,ALEXANDER HAMMID,Q497925,ALEXANDER BELYAYEV,37
15151,ALEXANDER HAMMID,Q64985458,ALEXANDER SCHIRMANN,37
15151,ALEXANDER HAMMID,Q615910,SAM LERNER,37
15151,ALEXANDER HAMMID,Q2642888,ALEXANDER RADSZUN,37
15151,ALEXANDER HAMMID,Q4718743,ALEXANDER DORE,37
15151,ALEXANDER HAMMID,Q4496827,ALEKSANDR KHVAN,37
15151,ALEXANDER HAMMID,Q41236420,ALEXANDER OHRSTRAND,37
15151,ALEXANDER HAMMID,Q40011993,ARIEN ALEXANDER TAKIAR,37
15151,ALEXANDER HAMMID,Q29617984,NED LANDER,37
15151,ALEXANDER HAMMID,Q4424553,ALEKSANDR SMIRNOV,37
15151,ALEXANDER HAMMID,Q100934722,ASHLEY ALEXANDER,37
15151,ALEXANDER HAMMID,Q21033087,ALEXANDER PAPENDIEK,37
15151,ALEXANDER HAMMID,Q18541598,ALEXANDRU D. LUNGU,37
15151,ALEXANDER HAMMID,Q108207980,ALEXANDRA SLADE,37
15151,ALEXANDER HAMMID,Q1964661,ALEXANDER GRADSKY,37
15151,ALEXANDER HAMMID,Q725445,ALEXANDRE BISSON,37
15151,ALEXANDER HAMMID,Q462065,ALEXANDER GOULD,37
15151,ALEXANDER HAMMID,Q27967493,ALEXANDRA POHLMEIER,37
15151,ALEXANDER HAMMID,Q1571883,ALEXANDER LANG,37
15151,ALEXANDER HAMMID,Q18542375,ALEXANDER NANAU,37
15151,ALEXANDER HAMMID,Q2833406,ALEXANDRE ARBATT,37
15151,ALEXANDER HAMMID,Q4720610,ALEXANDRA CASTILLO,37
15151,ALEXANDER HAMMID,Q9145474,ALEKSANDER HERTZ,37
15151,ALEXANDER HAMMID,Q27039251,ALEXANDRE PERALTA,37
15151,ALEXANDER HAMMID,Q2365344,ALEXANDRA LAVERDIERE,37
15151,ALEXANDER HAMMID,Q126289,MIGUEL ALEXANDRE,37
15151,ALEXANDER HAMMID,Q88202742,ALEXANDER HAHN,37
15151,ALEXANDER HAMMID,Q24284181,ALEXANDER HOLTMANN,37
15151,ALEXANDER HAMMID,Q648783,COLIN ALEXANDER CUNNINGHAM,37
15151,ALEXANDER HAMMID,Q87015,ALEXANDER LITVINENKO,37
15151,ALEXANDER HAMMID,Q97096361,ALEKSANDRA,37
15151,ALEXANDER HAMMID,Q18697465,ALEXANDER CHAN,36
15151,ALEXANDER HAMMID,Q22071451,ALEXANDRA BEATON,36
15151,ALEXANDER HAMMID,Q435124,ALEXANDER GODUNOV,36
15151,ALEXANDER HAMMID,Q7146022,PATRICK ALEXANDER,36
15151,ALEXANDER HAMMID,Q55760020,ALEXANDER VOULGARIS,36
15151,ALEXANDER HAMMID,Q32885293,ALEXANDRA KORDES,36
15151,ALEXANDER HAMMID,Q11257731,ALEXANDER WRAITH,36
15151,ALEXANDER HAMMID,Q4180649,ALEXANDER ZHITINSKY,36
15151,ALEXANDER HAMMID,Q4720048,ALEXANDER SEBASTIEN LEE,36
15151,ALEXANDER HAMMID,Q85697,ALEXANDRA KAMP,36
15151,ALEXANDER HAMMID,Q24251200,ALEXANDER BOYEV,36
15151,ALEXANDER HAMMID,Q87063507,ALEXANDER LAUDIEN,36
15151,ALEXANDER HAMMID,Q72379,MARLENE SCHMIDT,36
15151,ALEXANDER HAMMID,Q164047,ALEXANDER POPE,36
15151,ALEXANDER HAMMID,Q2833272,ALEXANDRA GENTIL,36
15151,ALEXANDER HAMMID,Q15942705,ALEKSANDAR MANDIC,36
15151,ALEXANDER HAMMID,Q27051857,SAMUEL ALEXANDER MILLER,36
15151,ALEXANDER HAMMID,Q95217933,ALEXANDER HASSKERL,36
15151,ALEXANDER HAMMID,Q4526774,ALEXANDER STEIN,36
15151,ALEXANDER HAMMID,Q1519494,LEANDER LICHTI,36
15151,ALEXANDER HAMMID,Q22007002,ALEXANDRE MOORS,36
15151,ALEXANDER HAMMID,Q4719830,ALEXANDER PESKANOV,36
15151,ALEXANDER HAMMID,Q84888,ALEXANDER RODA RODA,36
15151,ALEXANDER HAMMID,Q4516347,ALEKSANDR CHISLOV,36
15151,ALEXANDER HAMMID,Q2643002,ALEXANDER SCHUBERT,36
15151,ALEXANDER HAMMID,Q21451861,ALEXANDER DREYMON,36
15151,ALEXANDER HAMMID,Q4719322,ALEXANDER KIRKLAND,36
15151,ALEXANDER HAMMID,Q4106140,ALEXANDER VELEDINSKI,36
15151,ALEXANDER HAMMID,Q24882982,CLARE HAMMOND,36
15151,ALEXANDER HAMMID,Q4283878,ALEXANDER MASLAYEV,36
15151,ALEXANDER HAMMID,Q4327542,ALEXANDR NOSIK,36
15151,ALEXANDER HAMMID,Q16726249,ALANA HAIM,36
15151,ALEXANDER HAMMID,Q233101,MONIQUE ALEXANDER,36
15151,ALEXANDER HAMMID,Q2503905,ALEKSANDR LOKSHIN,35
15151,ALEXANDER HAMMID,Q9602396,ALEXANDRE ZACCHIA,35
15151,ALEXANDER HAMMID,Q26703645,SHAMIER ANDERSON,35
15151,ALEXANDER HAMMID,Q1523426,ALEXANDER TSFASMAN,35
15151,ALEXANDER HAMMID,Q3420630,RAYMOND ALESSANDRINI,35
15151,ALEXANDER HAMMID,Q951680,GEORGE ALEXANDER,35
15151,ALEXANDER HAMMID,Q4083798,ALEKSANDR BENIAMINOV,35
15151,ALEXANDER HAMMID,Q4442473,ALEXANDER STEFANOVICH,35
15151,ALEXANDER HAMMID,Q16336329,ALEXANDRA RICHTER,35
15151,ALEXANDER HAMMID,Q72845722,ALEXANDRA LAZAROWICH,35
15151,ALEXANDER HAMMID,Q15782222,ALEXANDER CZERWINSKI,35
15151,ALEXANDER HAMMID,Q164004,ALEXANDER BORODIN,35
15151,ALEXANDER HAMMID,Q2833284,ALEXANDRA KAZAN,35
15151,ALEXANDER HAMMID,Q29829191,ALEKSANDER DYL,35
15151,ALEXANDER HAMMID,Q916099,BRIGITTE ALEXANDER,35
15151,ALEXANDER HAMMID,Q4721094,ALEXANDRU ARSINEL,35
15151,ALEXANDER HAMMID,Q4935054,CATHARINA ALINDER,35
15151,ALEXANDER HAMMID,Q41236502,MOHAMMED-ALI BAKIER,35
15151,ALEXANDER HAMMID,Q122958,LEANDER MODERSOHN,35
15151,ALEXANDER HAMMID,Q1383818,ALEXANDER WITT,35
15151,ALEXANDER HAMMID,Q923149,ALEXANDER CONTI,35
15151,ALEXANDER HAMMID,Q1609754,MARIA ALEXANDER,35
15151,ALEXANDER HAMMID,Q2832421,ALEJANDRA RADANO,35
15151,ALEXANDER HAMMID,Q4720079,ALEXANDER SHENSHIN,35
15151,ALEXANDER HAMMID,Q3161097,JAMES GALLANDERS,35
15151,ALEXANDER HAMMID,Q12271421,ALEXANDER BRAZITSOV,35
15151,ALEXANDER HAMMID,Q2566766,JOE ALEXANDER,35
15151,ALEXANDER HAMMID,Q12762096,ALEXANDER BARTA,35
15151,ALEXANDER HAMMID,Q2833279,ALEXANDRA GONIN,35
15151,ALEXANDER HAMMID,Q2833577,ALEXANDRE DEBANNE,35
15151,ALEXANDER HAMMID,Q5665028,ALEJANDRO GAMBOA,35
15151,ALEXANDER HAMMID,Q3439926,ROLAND ALEXANDRE,35
15151,ALEXANDER HAMMID,Q65493976,ALEXANDER GRIESSER,35
15151,ALEXANDER HAMMID,Q2642707,ALEXANDER MORTON,35
15151,ALEXANDER HAMMID,Q7608569,STEPHEN ALEXANDER,35
15151,ALEXANDER HAMMID,Q95847334,ALEXANDER DOSTAL,35
15151,ALEXANDER HAMMID,Q78353414,MISCHA ALEXANDER,35
15151,ALEXANDER HAMMID,Q982361,ALEXANDRE JARDIN,35
15151,ALEXANDER HAMMID,Q1706297,ALEXANDER VAMPILOV,35
15151,ALEXANDER HAMMID,Q12720388,ALEXANDRU SOLOMON,35
15151,ALEXANDER HAMMID,Q20817343,ALEXANDER GHEORGHIU,35
15151,ALEXANDER HAMMID,Q4718318,ALEXANDER BARON,35
15151,ALEXANDER HAMMID,Q93512579,ALEXANDER MOLONY,34
15151,ALEXANDER HAMMID,Q87834750,ALEXANDRA CARASTOIAN,34
15151,ALEXANDER HAMMID,Q4103887,ALEXANDER VARLAMOV,34
15151,ALEXANDER HAMMID,Q17294934,ALEXANDRU MAFTEI,34
15151,ALEXANDER HAMMID,Q119413,TATJANA ALEXANDER,34
15151,ALEXANDER HAMMID,Q433212,ALEXANDRA CHANDO,34
15151,ALEXANDER HAMMID,Q2833303,ALEXANDRA PIC,34
15151,ALEXANDER HAMMID,Q4718843,ALEXANDER FIELD,34
15151,ALEXANDER HAMMID,Q19629709,ALEXANDRE LAFERRIERE,34
15151,ALEXANDER HAMMID,Q1720774,ALEXANDRA STAIB,34
15151,ALEXANDER HAMMID,Q4217844,ALEKSANDR KATZMAN,34
15151,ALEXANDER HAMMID,Q516281,ALEXANDER VERTINSKY,34
15151,ALEXANDER HAMMID,Q7648582,SUSANA ALEXANDER,34
15151,ALEXANDER HAMMID,Q13218084,ALEXANDR MOKHOV,34
15151,ALEXANDER HAMMID,Q13560331,OLIVIA ALEXANDER,34
15151,ALEXANDER HAMMID,Q4718541,ALEXANDER CARSON,34
15151,ALEXANDER HAMMID,Q4138866,ALEKSANDR GIRDA,34
15151,ALEXANDER HAMMID,Q2621348,ALEXANDER RASKATOV,34
15151,ALEXANDER HAMMID,Q1706771,RICHARD LEDER,34
15151,ALEXANDER HAMMID,Q83409572,ALEXANDRA WEDENIG,34
15151,ALEXANDER HAMMID,Q21284651,ALEXANDER CARSON,34
15151,ALEXANDER HAMMID,Q2833812,ALEXANDRE LAPANDRY,34
15151,ALEXANDER HAMMID,Q1281683,JOHN ALEXANDER,34
15151,ALEXANDER HAMMID,Q21995528,CARMEN J. ALEXANDER,34
15151,ALEXANDER HAMMID,Q16366524,ALEXANDR HOVHANNISYAN,34
15151,ALEXANDER HAMMID,Q5105713,CHRIS ALEXANDER,34
15151,ALEXANDER HAMMID,Q4252770,"ALEXANDER LAZAREV, JR.",34
15151,ALEXANDER HAMMID,Q15303933,ALEXANDER MEDVEDEV,34
15151,ALEXANDER HAMMID,Q2889053,ALEJANDRA PRADON,34
15151,ALEXANDER HAMMID,Q2642242,ALEXANDER HAUFF,34
15151,ALEXANDER HAMMID,Q33436784,ALEXANDER LARSEN,34
15151,ALEXANDER HAMMID,Q109849324,ALEXANDRE NEQUADO,34
15151,ALEXANDER HAMMID,Q9146531,ALEKSANDRA HAMKALO,34
15151,ALEXANDER HAMMID,Q18763797,VALERIE ALEXANDER,34
15151,ALEXANDER HAMMID,Q65115448,ALEXANDRE AUGER,34
15151,ALEXANDER HAMMID,Q2576459,ALEXANDER VEPRIK,34
15151,ALEXANDER HAMMID,Q56235951,ALEXANDRE MOUROT,34
15151,ALEXANDER HAMMID,Q55877305,ALEXANDRA DEAN,34
15151,ALEXANDER HAMMID,Q6190968,ALEXANDER STOCKS,34
15151,ALEXANDER HAMMID,Q1336289,ALEXANDER SAWCZYNSKI,34
15151,ALEXANDER HAMMID,Q2641871,ALEXANDER BURESCH,34
15151,ALEXANDER HAMMID,Q529358,ALEXANDRE DESPATIE,34
15151,ALEXANDER HAMMID,Q78125071,ALEXANDRE LEBLANC,33
15151,ALEXANDER HAMMID,Q3609438,ALEJANDRO GALINDO,33
15151,ALEXANDER HAMMID,Q16298707,ALEXANDRA DE LA MORA,33
15151,ALEXANDER HAMMID,Q2866,ALEXANDER LUKASHENKO,33
15151,ALEXANDER HAMMID,Q1543165,GRANT ALEKSANDER,33
15151,ALEXANDER HAMMID,Q18537343,ALEXANDRINA HALIC,33
15151,ALEXANDER HAMMID,Q3368862,PATRICE ALEXSANDRE,33
15151,ALEXANDER HAMMID,Q311384,ALEXANDER DARGOMYZHSKY,33
15151,ALEXANDER HAMMID,Q32979750,ALEXANDER COSTEA,33
15151,ALEXANDER HAMMID,Q4249513,ALEXANDER KUTIKOV,33
15151,ALEXANDER HAMMID,Q19960104,ALEXANDER KLEIDER,33
15151,ALEXANDER HAMMID,Q4714865,ALEKSANDAR SIMIC,33
15151,ALEXANDER HAMMID,Q42712749,REESE ALEXANDER,33
15151,ALEXANDER HAMMID,Q34286,ALEXANDER GRAHAM BELL,33
15151,ALEXANDER HAMMID,Q2833947,ALEXANDRE PARODI,33
15151,ALEXANDER HAMMID,Q2627503,ALEXANDER TATARSKY,33
15151,ALEXANDER HAMMID,Q2833977,ALEXANDRE POTTIER,33
15151,ALEXANDER HAMMID,Q2643210,ALEXANDER WAECHTER,33
15151,ALEXANDER HAMMID,Q27975292,MIN BAHADUR BHAM,33
15151,ALEXANDER HAMMID,Q2833080,ALEXANDER ARMSTRONG,33
15151,ALEXANDER HAMMID,Q4720615,ALEXANDRA DANE,33
15151,ALEXANDER HAMMID,Q20978723,ALEXANDER REUMERS,33
15151,ALEXANDER HAMMID,Q5666135,ALEXANDER DA SILVA,33
15151,ALEXANDER HAMMID,Q56314932,ALEXANDRA CHARLES,33
15151,ALEXANDER HAMMID,Q2044183,ALEXANDER GUTMAN,33
15151,ALEXANDER HAMMID,Q5664876,ALEJANDRO CHABAN,33
15151,ALEXANDER HAMMID,Q20736576,ALEXANDRA SCHNEIDER,33
15151,ALEXANDER HAMMID,Q3610124,ALESSANDRO MARIO,33
15151,ALEXANDER HAMMID,Q41236171,ARI ALEXANDER,33
15151,ALEXANDER HAMMID,Q92315829,RADU ALEXANDRU,33
15151,ALEXANDER HAMMID,Q22944064,ALEXANDRA IVANOVA,33
15151,ALEXANDER HAMMID,Q27975497,ALEXANDRE FABRY,33
15151,ALEXANDER HAMMID,Q20164348,ALEXANDRA SKAMPOVA,33
15151,ALEXANDER HAMMID,Q65095516,ALEXANDRE ROY,33
15151,ALEXANDER HAMMID,Q16190630,ALEXANDRA JUHASZ,33
15151,ALEXANDER HAMMID,Q1676908,JACE ALEXANDER,33
15151,ALEXANDER HAMMID,Q3609714,ALESSANDRA VANZI,33
15151,ALEXANDER HAMMID,Q4495528,ALEKSANDR KHANOV,33
15151,ALEXANDER HAMMID,Q16488097,ALEXANDRE GNATTALI,33
15151,ALEXANDER HAMMID,Q108896885,HARPER LEIGH ALEXANDER,33
15151,ALEXANDER HAMMID,Q6170100,JEAN ALEXANDER,33
15151,ALEXANDER HAMMID,Q1374999,ALEXANDER CAMPBELL,33
15151,ALEXANDER HAMMID,Q1369875,RED CALLENDER,33
15151,ALEXANDER HAMMID,Q3437541,ALEXANDER STENERUD,33
15151,ALEXANDER HAMMID,Q1360488,KEITH B. ALEXANDER,33
15151,ALEXANDER HAMMID,Q4078096,ALEKSANDR BARGMAN,33
15151,ALEXANDER HAMMID,Q2073638,PETER ALEXANDER,33
15151,ALEXANDER HAMMID,Q16730332,ALEXANDRA JOHNES,33
15151,ALEXANDER HAMMID,Q6001399,ALEXANDER MORK-EIDEM,33
15151,ALEXANDER HAMMID,Q9145878,ALEKSANDER POCIEJ,33
15151,ALEXANDER HAMMID,Q295991,ALEXANDER VINOKOUROV,33
15151,ALEXANDER HAMMID,Q7405419,SALMAN SHAHID,33
15151,ALEXANDER HAMMID,Q1678832,ALEXANDER BUBENHEIM,33
15151,ALEXANDER HAMMID,Q23062187,ALEXANDER THIES,33
15151,ALEXANDER HAMMID,Q172319,ALEXANDER KREIN,33
15151,ALEXANDER HAMMID,Q2415321,SAMMY LERNER,33
15151,ALEXANDER HAMMID,Q4719865,ALEXANDER POLINSKY,33
15151,ALEXANDER HAMMID,Q174044,ALEXANDER NEVSKY,33
15151,ALEXANDER HAMMID,Q65940966,ALEJANDRO HERNANDEZ,33
15151,ALEXANDER HAMMID,Q4720657,ALEXANDRA HAY,33
15151,ALEXANDER HAMMID,Q3990218,THEO ALEXANDER,33
15151,ALEXANDER HAMMID,Q364896,ALEXANDER KOTOV,33
15151,ALEXANDER HAMMID,Q6399416,KHALEEL MOHAMMED,32
15151,ALEXANDER HAMMID,Q16301948,ALEJANDRO RAE,32
15151,ALEXANDER HAMMID,Q2641926,ALEXANDER COHN,32
15151,ALEXANDER HAMMID,Q60708975,ALEXANDER MALKOWSKY,32
15151,ALEXANDER HAMMID,Q364901,ALEXANDER MCCALL SMITH,32
15151,ALEXANDER HAMMID,Q1691135,NICOLE ALEXANDER,32
15151,ALEXANDER HAMMID,Q95865941,ALEXANDER MAHLER,32
15151,ALEXANDER HAMMID,Q22985941,ALEXANDRA BALAHOUTIS,32
15151,ALEXANDER HAMMID,Q2547782,ALEXANDRA BRAUN,32
15151,ALEXANDER HAMMID,Q95875572,LUC ALEXANDER,32
15151,ALEXANDER HAMMID,Q95913533,ADAM ALEXANDER KAZ,32
15151,ALEXANDER HAMMID,Q2611870,DAVID CALDER,32
15151,ALEXANDER HAMMID,Q64711922,ALEXANDER GLEHR,32
15151,ALEXANDER HAMMID,Q95742889,ALEXANDRA KOKNAT,32
15151,ALEXANDER HAMMID,Q12300946,ALEXANDER CHRISTIAN,32
15151,ALEXANDER HAMMID,Q74191154,ALEJANDRO FADEL,32
15151,ALEXANDER HAMMID,Q20675842,PICO ALEXANDER,32
15151,ALEXANDER HAMMID,Q28790100,ALEXANDER ROTT,32
15151,ALEXANDER HAMMID,Q2833915,ALEKSANDR MISHARIN,32
15151,ALEXANDER HAMMID,Q107189757,ALEXANDER LEONTARITIS,32
15151,ALEXANDER HAMMID,Q2833866,ALEXANDRE MATHIS,32
15151,ALEXANDER HAMMID,Q20752861,ALEXANDER KASPRIK,32
15151,ALEXANDER HAMMID,Q20787902,ALEXANDER RIEDEL,32
15151,ALEXANDER HAMMID,Q65115453,ALEXANDRE LACHANCE,32
15151,ALEXANDER HAMMID,Q20941463,DIMITRIS ALEXANDRIS,32
15151,ALEXANDER HAMMID,Q61490822,ALEXANDER RIEDEL,32
15151,ALEXANDER HAMMID,Q2833248,ALEXANDRA ANSIDEI,32
15151,ALEXANDER HAMMID,Q24630653,ALEXANDRE LEHMANN,32
15151,ALEXANDER HAMMID,Q2833123,ALEXANDER GOODWIN,32
15151,ALEXANDER HAMMID,Q4720735,ALEXANDRA RAFFE,32
15151,ALEXANDER HAMMID,Q794183,ALEXANDER MOSKALENKO,32
15151,ALEXANDER HAMMID,Q2833001,ALEXANDER NELCHA,32
15151,ALEXANDER HAMMID,Q16934891,ALEXANDRU RADU,32
15151,ALEXANDER HAMMID,Q102077615,ALEXANDER METODIEV,32
15151,ALEXANDER HAMMID,Q5105714,CHRIS ALEXANDER,32
15151,ALEXANDER HAMMID,Q2408811,ALEXANDRA NEIL,32
15151,ALEXANDER HAMMID,Q59523462,ALEXANDRA BOYLAN,32
15151,ALEXANDER HAMMID,Q4246810,ALEKSANDR KULYAMIN,32
15151,ALEXANDER HAMMID,Q24661088,ALEXANDER BODIN SAPHIR,32
15151,ALEXANDER HAMMID,Q24719834,ALEXANDER POPOV,32
15151,ALEXANDER HAMMID,Q102963,ALEXANDER GERINGAS,32
15151,ALEXANDER HAMMID,Q85487,LEXI ALEXANDER,32
15151,ALEXANDER HAMMID,Q1452187,FRED ALEXANDER,32
15151,ALEXANDER HAMMID,Q714318,ALEXANDER BELOV,32
15151,ALEXANDER HAMMID,Q15069993,ALEXANDRE CARRIL,32
15151,ALEXANDER HAMMID,Q4718797,ALEXANDER EKERT,32
15151,ALEXANDER HAMMID,Q28355528,ALEKSANDR CHABAN,32
15151,ALEXANDER HAMMID,Q83171340,ALEXANDER WADOUH,32
15151,ALEXANDER HAMMID,Q4706473,ALAN DAVID,32
15151,ALEXANDER HAMMID,Q4720620,ALEXANDRA DAVIES,32
15151,ALEXANDER HAMMID,Q1961223,ALEXANDER GORDON,32
15151,ALEXANDER HAMMID,Q16063207,ALEX HOGH ANDERSEN,32
15151,ALEXANDER HAMMID,Q2635923,ALEXANDER FEKLISOV,32
15151,ALEXANDER HAMMID,Q505418,ALEXANDER GOMELSKY,32
15151,ALEXANDER HAMMID,Q109002682,MUHAMMAD ALI ISKANDAROV,32
15151,ALEXANDER HAMMID,Q2642431,ALEXANDER KHUON,32
15151,ALEXANDER HAMMID,Q95274503,ALEXANDER PICKL,32
15151,ALEXANDER HAMMID,Q23061744,ALEXANDER MARTSCHEWSKI,32
15151,ALEXANDER HAMMID,Q64781800,ALEXANDRE FRANCHI,32
15151,ALEXANDER HAMMID,Q34953070,ALEXANDRA STAMLER,32
15151,ALEXANDER HAMMID,Q3609963,ALESSANDRO D'AVENIA,32
15151,ALEXANDER HAMMID,Q23010960,ALEXANDROS MILONAS,32
15151,ALEXANDER HAMMID,Q44952345,ALEXANDER SCHIEBEL,32
15151,ALEXANDER HAMMID,Q12470448,A. HAMID ARIEF,32
15151,ALEXANDER HAMMID,Q6058993,HAMDI ALKAN,31
15151,ALEXANDER HAMMID,Q16633023,ALEX HARIDI,31
15151,ALEXANDER HAMMID,Q65095515,ALEXANDRE MARINE,31
15151,ALEXANDER HAMMID,Q65115452,ALEXANDRE JUNEAU,31
15151,ALEXANDER HAMMID,Q7396644,SACHA ALEXANDER,31
15151,ALEXANDER HAMMID,Q6110980,JACK ALEXANDER,31
15151,ALEXANDER HAMMID,Q6694,ALEXANDER VON HUMBOLDT,31
15151,ALEXANDER HAMMID,Q12748218,ALEKSANDAR MATIC,31
15151,ALEXANDER HAMMID,Q1636304,ALEXANDER SCHERER,31
15151,ALEXANDER HAMMID,Q607825,ALEXANDER PROKHANOV,31
15151,ALEXANDER HAMMID,Q2327550,BRUCE ALEXANDER,31
15151,ALEXANDER HAMMID,Q16739192,ELLE ALEXANDER,31
15151,ALEXANDER HAMMID,Q2643303,ALEXANDER SLASTIN,31
15151,ALEXANDER HAMMID,Q108535264,ALEXANDER FISCH,31
15151,ALEXANDER HAMMID,Q2642142,ALEXANDER FUNK,31
15151,ALEXANDER HAMMID,Q2833641,ALEXANDRE DUMOULIN,31
15151,ALEXANDER HAMMID,Q18711108,ALEXANDRE SO,31
15151,ALEXANDER HAMMID,Q263798,ALEXANDRA DANILOVA,31
15151,ALEXANDER HAMMID,Q2312552,ALEXANDER VAN BERGEN,31
15151,ALEXANDER HAMMID,Q2643695,ALEXANDRA WESTMEIER,31
15151,ALEXANDER HAMMID,Q2833712,ALEXANDRE GORDON,31
15151,ALEXANDER HAMMID,Q2177143,ALEXANDRA BLAAUW,31
15151,ALEXANDER HAMMID,Q28528633,ALEJANDRO SALOMON,31
15151,ALEXANDER HAMMID,Q1122242,ALEXANDRA PURVIS,31
15151,ALEXANDER HAMMID,Q24677730,ROB ALEXANDER,31
15151,ALEXANDER HAMMID,Q18016138,YEMI ALADE,31
15151,ALEXANDER HAMMID,Q21105402,ALEJANDRO BELTRAMI,31
15151,ALEXANDER HAMMID,Q2861602,ARLENE TAI,31
15151,ALEXANDER HAMMID,Q3610035,ALESSANDRO GARBIN,31
15151,ALEXANDER HAMMID,Q21004920,ALEKSANDER BACH,31
15151,ALEXANDER HAMMID,Q77284078,ALEXANDRA BOKOVA,31
15151,ALEXANDER HAMMID,Q9145710,ALEKSANDER MARTEN,31
15151,ALEXANDER HAMMID,Q18611183,ALEXANDRE DUMAL,31
15151,ALEXANDER HAMMID,Q4720585,ALEXANDRA BARRETO,31
15151,ALEXANDER HAMMID,Q106375619,ALEXANDER MACDONALD,31
15151,ALEXANDER HAMMID,Q63807068,ALEXANDER BERGMAN,31
15151,ALEXANDER HAMMID,Q4720182,ALEXANDER STUART,31
15151,ALEXANDER HAMMID,Q6892966,MOHAMMED AMER,31
15151,ALEXANDER HAMMID,Q4060847,WAYNE ALEXANDER,31
15151,ALEXANDER HAMMID,Q4078806,ALEKSANDR BARSHAK,31
15151,ALEXANDER HAMMID,Q16487985,ALEXANDRA LEITE,31
15151,ALEXANDER HAMMID,Q67452,ALEXANDER HUBER,31
15151,ALEXANDER HAMMID,Q5996104,MARCIAL ALEJANDRO,31
15151,ALEXANDER HAMMID,Q65115447,ALEXANDRA BEGIN,31
15151,ALEXANDER HAMMID,Q2833946,ALEXANDRE PASCHE,30
15151,ALEXANDER HAMMID,Q65143054,ALEKSANDR KHANT,30
15151,ALEXANDER HAMMID,Q1469669,ALEXANDER J. SEILER,30
15151,ALEXANDER HAMMID,Q4718974,ALEXANDER GORCHILIN,30
15151,ALEXANDER HAMMID,Q4720730,ALEXANDRA PIGG,30
15151,ALEXANDER HAMMID,Q2025777,ALEXANDRA WILSON,30
15151,ALEXANDER HAMMID,Q2847924,ANDRE HALIMI,30
15151,ALEXANDER HAMMID,Q4333716,ALEXANDER OLESHKO,30
15151,ALEXANDER HAMMID,Q105470895,ALEJANDRO MEJIA,30
15151,ALEXANDER HAMMID,Q12720305,ALEXANDRU DABIJA,30
15151,ALEXANDER HAMMID,Q16679809,ALEKSANDR NAUMOV,30
15151,ALEXANDER HAMMID,Q61946820,ALEXANDRE LAROSE,30
15151,ALEXANDER HAMMID,Q41236189,ALEXANDRA FROLICH,30
15151,ALEXANDER HAMMID,Q96782427,MOHAMMAD EYAD,30
15151,ALEXANDER HAMMID,Q38459660,ALEXANDRA ORDOLIS,30
15151,ALEXANDER HAMMID,Q95808578,ALEXANDRE VALLES,30
15151,ALEXANDER HAMMID,Q296282,LEANDER PAES,30
15151,ALEXANDER HAMMID,Q26899539,ALEXANDER TEJEDA,30
15151,ALEXANDER HAMMID,Q718277,ALEKSANDER VINTER,30
15151,ALEXANDER HAMMID,Q78554,ALEXANDER PSCHILL,30
15151,ALEXANDER HAMMID,Q27039274,ALEXANDER BORUKHOV,30
15151,ALEXANDER HAMMID,Q91892810,ALEXANDRA HOOVER,30
15151,ALEXANDER HAMMID,Q27052040,ALEXANDER LEISS,30
15151,ALEXANDER HAMMID,Q1385517,SHAUN ALEXANDER,30
15151,ALEXANDER HAMMID,Q16528505,ALEXANDRA PARK,30
15151,ALEXANDER HAMMID,Q2612264,ALEX SANDERS,30
15151,ALEXANDER HAMMID,Q19798664,ALEXANDER TSCHERNEK,30
15151,ALEXANDER HAMMID,Q4818612,JESSE ALEXANDER,30
15151,ALEXANDER HAMMID,Q4718856,ALEXANDER FISKE-HARRISON,30
15151,ALEXANDER HAMMID,Q24292630,ALEXANDRE CARRIERE,30
15151,ALEXANDER HAMMID,Q19867648,ALEXANDRA SHIVA,30
15151,ALEXANDER HAMMID,Q47457592,CHINA AHLANDER,30
15151,ALEXANDER HAMMID,Q7489971,SHARON ALEXANDER,30
15151,ALEXANDER HAMMID,Q41730210,ALEX ZANDER,30
15151,ALEXANDER HAMMID,Q3849975,MARTE ALEXANDER,30
15151,ALEXANDER HAMMID,Q7615642,STEVVI ALEXANDER,30
15151,ALEXANDER HAMMID,Q73864593,ALEXANDRA KARAOULIS,30
15151,ALEXANDER HAMMID,Q997875,ALEXANDER TROCCHI,29
15151,ALEXANDER HAMMID,Q56096676,ALEXANDER TSOY,29
15151,ALEXANDER HAMMID,Q11964856,DAVID ALESKJAER,29
15151,ALEXANDER HAMMID,Q7786988,THOMAS ALEXANDER BOYD,29
15151,ALEXANDER HAMMID,Q12191760,ALEXANDRU TATOS,29
15151,ALEXANDER HAMMID,Q27553585,ALESSANDRO VALORI,29
15151,ALEXANDER HAMMID,Q4991019,THECLA AHLANDER,29
15151,ALEXANDER HAMMID,Q2665591,ALEXANDRA TYDINGS,29
15151,ALEXANDER HAMMID,Q2643207,ALEXANDER WACHHOLZ,29
15151,ALEXANDER HAMMID,Q65115455,ALEXANDRE MARGINEANU,29
15151,ALEXANDER HAMMID,Q18540635,ALEXANDRA GULEA,29
15151,ALEXANDER HAMMID,Q2642246,ALEXANDER HEGARTH,29
15151,ALEXANDER HAMMID,Q16228910,ALEXANDRE GRENIER,29
15151,ALEXANDER HAMMID,Q101112950,ALEXANDRA CYR,29
15151,ALEXANDER HAMMID,Q312631,ALEXANDER RODCHENKO,29
15151,ALEXANDER HAMMID,Q75507188,ALEXANDER KORSCHEN,29
15151,ALEXANDER HAMMID,Q294676,ALEXANDER POPOV,29
15151,ALEXANDER HAMMID,Q258980,ALEXANDRA HEDISON,29
15151,ALEXANDER HAMMID,Q16677107,ALEKSANDR MICHKOV,29
15151,ALEXANDER HAMMID,Q12471456,ALEXANDRA GOTTARDO,29
15151,ALEXANDER HAMMID,Q1259915,ALEXANDER YOSSIFOV,29
15151,ALEXANDER HAMMID,Q2827567,AHMED HAMIDI,29
15151,ALEXANDER HAMMID,Q56390756,ALEXANDRA HORVATH,29
15151,ALEXANDER HAMMID,Q27052127,ALEXANDER PERLMAN,29
15151,ALEXANDER HAMMID,Q11856813,EERO TAMMI,29
15151,ALEXANDER HAMMID,Q3651828,ALEXANDER ZELENKO,29
15151,ALEXANDER HAMMID,Q4128446,ALEXANDER VUSTIN,29
15151,ALEXANDER HAMMID,Q1676286,ALEXANDER LIEGL,29
15151,ALEXANDER HAMMID,Q5584794,GORDON ALEXANDER,29
15151,ALEXANDER HAMMID,Q109837702,ALEXANDER LAMEBOY,29
15151,ALEXANDER HAMMID,Q1966191,LISA ALEXANDER,29
15151,ALEXANDER HAMMID,Q4507959,ALEKSANDR CHEBAN,29
15151,ALEXANDER HAMMID,Q2834139,ALEXANDRE ZAMBEAUX,29
15151,ALEXANDER HAMMID,Q15733983,NADIA ALEXANDER,29
15151,ALEXANDER HAMMID,Q65115454,ALEXANDRE LIER,29
15151,ALEXANDER HAMMID,Q84214718,ALEXANDRA HIDALGO,29
15151,ALEXANDER HAMMID,Q313451,EVANDER HOLYFIELD,29
15151,ALEXANDER HAMMID,Q327383,ALEXANDER MARCUS,29
15151,ALEXANDER HAMMID,Q19613099,PAUL J. ALEXANDER,29
15151,ALEXANDER HAMMID,Q690669,ALEXANDER POINTNER,28
15151,ALEXANDER HAMMID,Q3308844,MICHEL ALEXANDRE,28
15151,ALEXANDER HAMMID,Q19258877,ALEXANDER WUST,28
15151,ALEXANDER HAMMID,Q106374612,DAVE ALEXANDER SMITH,28
15151,ALEXANDER HAMMID,Q4720037,ALEXANDER SCHURE,28
15151,ALEXANDER HAMMID,Q16385976,ALEXANDER MARTENS,28
15151,ALEXANDER HAMMID,Q26435742,ALEJANDRO LANDES,28
15151,ALEXANDER HAMMID,Q2643609,ALEXANDRA KLIM,28
15151,ALEXANDER HAMMID,Q16216673,ALEJANDRO MENDOZA,28
15151,ALEXANDER HAMMID,Q4714610,ALEJANDRO MILLAN,28
15151,ALEXANDER HAMMID,Q66057855,ALEXANDER HICK,28
15151,ALEXANDER HAMMID,Q2096596,ALEXANDRE MICHON,28
15151,ALEXANDER HAMMID,Q60291946,ALEXANDRA TURSHEN,28
15151,ALEXANDER HAMMID,Q2834091,ALEXANDRE TYLSKI,28
15151,ALEXANDER HAMMID,Q1263957,ALEXANDER KAZANTSEV,28
15151,ALEXANDER HAMMID,Q63346037,THAIS ALESSANDRIN,28
15151,ALEXANDER HAMMID,Q38054140,ALEXANDER LIND,28
15151,ALEXANDER HAMMID,Q15072275,ALEKSANDR MELNIK,28
15151,ALEXANDER HAMMID,Q4302908,ALEXANDER MOROZOV,28
15151,ALEXANDER HAMMID,Q16488058,ALEXANDRE DA SILVA,28
15151,ALEXANDER HAMMID,Q107971129,RUSS ALEXANDER,28
15151,ALEXANDER HAMMID,Q19359572,ALEXANDER DINELARIS JR.,27
15151,ALEXANDER HAMMID,Q28962969,ALEXANDRE DOSTIE,27
15151,ALEXANDER HAMMID,Q2642039,ALEXANDER ENBERG,27
15151,ALEXANDER HAMMID,Q2864978,ARTHUR ALEXANDER,27
15151,ALEXANDER HAMMID,Q2833184,ALEXANDER POLLOCK,27
15151,ALEXANDER HAMMID,Q4390139,ALEKSANDR RASKIN,27
15151,ALEXANDER HAMMID,Q95219800,ANDRAS HAMORI,27
15151,ALEXANDER HAMMID,Q92548,ALEXANDER HAUGG,27
15151,ALEXANDER HAMMID,Q1376203,ALEXANDER MIRONOV,27
15151,ALEXANDER HAMMID,Q1675757,IVO-ALEXANDER BECK,27
15151,ALEXANDER HAMMID,Q2833268,ALEXANDRA GARIJO,27
15151,ALEXANDER HAMMID,Q5571313,GLORIA ALEXANDRA,27
15151,ALEXANDER HAMMID,Q15055255,ALEKSANDR ARAVIN,27
15151,ALEXANDER HAMMID,Q17453228,ALEXANDRE CAMARASA,27
15151,ALEXANDER HAMMID,Q8194292,ALEJANDRO DE LA MADRID,27
15151,ALEXANDER HAMMID,Q4720909,ALEXANDRE TRUDEAU,27
15151,ALEXANDER HAMMID,Q94628063,ALEXANDER MANASSE,26
15151,ALEXANDER HAMMID,Q121064,ALEXANDER ZIEGLER,26
15151,ALEXANDER HAMMID,Q2331367,ALEXANDER KHARLAMOV,26
15151,ALEXANDER HAMMID,Q4719080,ALEXANDER HANSON,26
15151,ALEXANDER HAMMID,Q101586101,AHMED HAMMOUD,26
15151,ALEXANDER HAMMID,Q26859068,RICHARD D'ALESSANDRO,26
15151,ALEXANDER HAMMID,Q26857995,ALEXANDER ZEMECKIS,26
15151,ALEXANDER HAMMID,Q8409,ALEXANDER THE GREAT,26
15151,ALEXANDER HAMMID,Q31476553,ALEXANDER BAK SAGMO,26
15151,ALEXANDER HAMMID,Q2005372,GREGG ALEXANDER,25
15151,ALEXANDER HAMMID,Q24278987,ALEXANDER KOLL,25
15151,ALEXANDER HAMMID,Q23498132,ALEXANDER LHOTZKY,25
15151,ALEXANDER HAMMID,Q14318886,ALEXANDER KOCH,25
15151,ALEXANDER HAMMID,Q25396910,VADIM ALEKSANDROV,25
15151,ALEXANDER HAMMID,Q3370446,PAUL ALEXANDER,25
15151,ALEXANDER HAMMID,Q71439300,ALEX SCHMIDT,25
15151,ALEXANDER HAMMID,Q33436919,ALEXANDER BRONDSTED,25
15151,ALEXANDER HAMMID,Q4363363,ALEXANDER PIROGOV,25
15151,ALEXANDER HAMMID,Q12720307,ALEXANDRU DAVID,25
15151,ALEXANDER HAMMID,Q36527448,ALEXANDER FUCHS,25
15151,ALEXANDER HAMMID,Q712823,KEVIN ALEXANDER CLARK,25
15151,ALEXANDER HAMMID,Q2643361,ALEXANDER PREL,25
15151,ALEXANDER HAMMID,Q5294760,DONALD ALEXANDER MACRAE,25
15151,ALEXANDER HAMMID,Q26831139,ALEX HAMMOND,25
15151,ALEXANDER HAMMID,Q72881637,ALEXANDER KHANTAEV,25
15151,ALEXANDER HAMMID,Q98210578,ALEXANDRE HEYLEN,24
15151,ALEXANDER HAMMID,Q101417921,ALEXANDER BULKLEY,24
15151,ALEXANDER HAMMID,Q24004932,TOM ALEXANDER,24
15151,ALEXANDER HAMMID,Q4480647,ALEKSANDR FAYFMAN,24
15151,ALEXANDER HAMMID,Q150543,ALEXANDER DUBCEK,24
15151,ALEXANDER HAMMID,Q548799,ARIS ALEXANDROU,24
15151,ALEXANDER HAMMID,Q95878625,ALEXANDRU ZIDARU,24
15151,ALEXANDER HAMMID,Q16120409,MOHAMED AAMER,24
15151,ALEXANDER HAMMID,Q4407104,ALEKSANDR SAMULEKIN,24
15151,ALEXANDER HAMMID,Q5230761,DAVID ANDERLE,24
15151,ALEXANDER HAMMID,Q5552175,HAKAN ALEXANDERSSON,24
15151,ALEXANDER HAMMID,Q3499339,STEWART ALEXANDER,24
15151,ALEXANDER HAMMID,Q12740795,SICA ALEXANDRESCU,23
15151,ALEXANDER HAMMID,Q2643664,ALEXANDRA SCHALAUDEK,23
15151,ALEXANDER HAMMID,Q56048998,ALEXANDRA KAZAZOU,23
15151,ALEXANDER HAMMID,Q106714379,ALEXANDER SCHULER,23
15151,ALEXANDER HAMMID,Q4719265,ALEXANDER JOVY,23
15151,ALEXANDER HAMMID,Q12271482,ALEKSANDAR KADIEV,23
15151,ALEXANDER HAMMID,Q1232373,DMITRI ALEXANDROV,23
15151,ALEXANDER HAMMID,Q110836,ALEXANDER STEPHAN,22
15151,ALEXANDER HAMMID,Q4525405,ALEXANDER SHLEMENKO,22
15151,ALEXANDER HAMMID,Q45038411,ALEXANDER CHRISTENSEN,22
15151,ALEXANDER HAMMID,Q95836083,ALEXANDER SRTSCHIN,22
15151,ALEXANDER HAMMID,Q4149859,ALEKSANDR GRISHIN,22
15151,ALEXANDER HAMMID,Q1755646,ALEXANDR KLIMENT,22
15151,ALEXANDER HAMMID,Q90891879,ALEXANDRU JITEA,22
15151,ALEXANDER HAMMID,Q104553056,ARUN ALEXANDER,22
15151,ALEXANDER HAMMID,Q94934719,ALEXANDER CZERSKI,22
15151,ALEXANDER HAMMID,Q22276757,ALEXANDRE CHARLET,22
15151,ALEXANDER HAMMID,Q12271563,ALEXANDER SANO,22
15151,ALEXANDER HAMMID,Q65115450,ALEXANDRE DOMINGUE,22
15151,ALEXANDER HAMMID,Q24237497,ALEXANDRE LEGLISE,22
15151,ALEXANDER HAMMID,Q58749711,KAE ALEXANDER,22
15151,ALEXANDER HAMMID,Q104699024,ALEXANDER MOBERG,22
15151,ALEXANDER HAMMID,Q16149882,SADIE ALEXANDRU,21
15151,ALEXANDER HAMMID,Q663116,ALEXANDER ROSENBAUM,21
15151,ALEXANDER HAMMID,Q5414997,EVA ALEXANDER,21
15151,ALEXANDER HAMMID,Q597936,"ALBERT HAMMOND, JR.",21
15151,ALEXANDER HAMMID,Q954028,ALEXANDRE THARAUD,21
15151,ALEXANDER HAMMID,Q21534429,ALEKSANDR FADEYEV,21
15151,ALEXANDER HAMMID,Q15999157,ALEXANDER MARKEY,21
15151,ALEXANDER HAMMID,Q81663480,ZAYN ALEXANDER,21
15151,ALEXANDER HAMMID,Q12300952,ALEXANDER KOLPIN,21
15151,ALEXANDER HAMMID,Q178903,ALEXANDER HAMILTON,21
15151,ALEXANDER HAMMID,Q720933,ALEXANDER GROMOV,21
15151,ALEXANDER HAMMID,Q26884637,ALEXANDER NALLY,21
15151,ALEXANDER HAMMID,Q245802,ALEXANDRE STAVISKY,21
15151,ALEXANDER HAMMID,Q2833950,ALEXANDRE PAVLOFF,21
15151,ALEXANDER HAMMID,Q107239106,ALEXANDRA CRENIAN,21
15151,ALEXANDER HAMMID,Q6204806,JOAN ALEXANDER,20
15151,ALEXANDER HAMMID,Q3610166,ALESSANDRO NINCHI,20
15151,ALEXANDER HAMMID,Q520688,ALEXANDRE HERCULANO,20
15151,ALEXANDER HAMMID,Q21133407,ALEKSANDR SHATOV,20
15151,ALEXANDER HAMMID,Q1929280,ALEXANDER ARKHANGELSKY,20
15151,ALEXANDER HAMMID,Q4407593,ALEKSANDR SANIN,20
15151,ALEXANDER HAMMID,Q370844,CAROLINE ALEXANDER,20
15151,ALEXANDER HAMMID,Q2833219,ALEXANDER SVECHNIKOV,19
15151,ALEXANDER HAMMID,Q4720592,ALEXANDRA BRACKEN,19
15151,ALEXANDER HAMMID,Q3610056,ALESSANDRO GRANDE,19
15151,ALEXANDER HAMMID,Q95219582,ALEXANDER BIEDERMANN,19
15151,ALEXANDER HAMMID,Q311374,ALEXANDER OVECHKIN,19
15151,ALEXANDER HAMMID,Q107766834,ALEXANDER LANGE,19
15151,ALEXANDER HAMMID,Q4178449,ALEKSANDR ZHDANOV,19
15151,ALEXANDER HAMMID,Q19816294,SCOTT ALEXANDER,19
15151,ALEXANDER HAMMID,Q23893436,ALEXANDER VEDERNJAK,19
15151,ALEXANDER HAMMID,Q19519890,RONALD ALEXANDER,18
15151,ALEXANDER HAMMID,Q4213011,ALEKSANDR KAPITSA,18
15151,ALEXANDER HAMMID,Q207939,ALEXANDER MCQUEEN,18
15151,ALEXANDER HAMMID,Q16233528,ALEXANDRA DOWLING,17
15151,ALEXANDER HAMMID,Q66132407,ALEXANDER WRIGHT,17
15151,ALEXANDER HAMMID,Q6090244,ALEXANDER SALZBERGER,16
15151,ALEXANDER HAMMID,Q2394951,ALEXANDRE MOIX,16
15151,ALEXANDER HAMMID,Q107033838,NICHOLAS ALEXANDER,15
15151,ALEXANDER HAMMID,Q1451162,ALEXANDER PELZ,15
15151,ALEXANDER HAMMID,Q20026713,HAMID AZAYEV,15
15151,ALEXANDER HAMMID,Q2005171,ALEXANDER MICHAELETOS,14
15151,ALEXANDER HAMMID,Q4714925,ALEKSANDER BAUMGARDTEN,14
15151,ALEXANDER HAMMID,Q28653664,ALEXANDER LAHL,14
15151,ALEXANDER HAMMID,Q2074380,ALEXANDER SHIRVANZADE,14
15151,ALEXANDER HAMMID,Q20591800,ALEKSANDR ANTIPOV,14
15151,ALEXANDER HAMMID,Q9145689,ALEKSANDER MACHALICA,13
15151,ALEXANDER HAMMID,Q4761619,ANEL ALEXANDER,12
15151,ALEXANDER HAMMID,Q4720845,ALEXANDRE GINNSZ,11
15151,ALEXANDER HAMMID,Q28094279,ALEXANDER BURKE,9
15151,ALEXANDER HAMMID,Q20746751,ALEXANDER WASCHKAU,0
15151,ALEXANDER HAMMID,Q107453873,ALEKSANDER SUCHCICKI,0
15151,ALEXANDER HAMMID,Q2833603,ALEXANDRE DEVOISE,0
15151,ALEXANDER HAMMID,Q90390999,ALEXANDRU GROZA,0
15151,ALEXANDER HAMMID,Q106714354,ALEXANDRA LEYKAUF,0
15151,ALEXANDER HAMMID,Q9145776,ALEKSANDER MROZEK,0
15151,ALEXANDER HAMMID,Q12720279,ALEXANDRU BOCANET,0
15151,ALEXANDER HAMMID,Q20968183,ALEXANDER KUKELKA,0
15151,ALEXANDER HAMMID,Q9158877,ARBEN DERHEMI,0
15151,ALEXANDER HAMMID,Q24205512,ALEXANDRA HELMIG,0
15151,ALEXANDER HAMMID,Q24708122,ALEJANDRO HERNANDEZ,0
15151,ALEXANDER HAMMID,Q2500864,ALEXANDER NADSON,0
15151,ALEXANDER HAMMID,Q25872,ALEXANDER GLAZUNOV,0
15151,ALEXANDER HAMMID,Q2641963,ALEXANDER DIERBACH,0
15151,ALEXANDER HAMMID,Q962897,ALEXANDER MIKULIN,0
15151,ALEXANDER HAMMID,Q2642501,ALEXANDER KOSTINSKIJ,0
15151,ALEXANDER HAMMID,Q9601794,ALEXANDRA MARZO,0
15151,ALEXANDER HAMMID,Q2642602,ALEXANDER M. RUMELIN,0
15151,ALEXANDER HAMMID,Q22958916,ALEKSANDAR DAVIC,0
15151,ALEXANDER HAMMID,Q22919328,ALEKSANDR SHEYNIN,0
15151,ALEXANDER HAMMID,Q2643425,ALEXANDER JANITZKY,0
15151,ALEXANDER HAMMID,Q95804339,ALEXANDER MENKO,0
15151,ALEXANDER HAMMID,Q22132003,ALEXANDRA HILVERTH,0
15151,ALEXANDER HAMMID,Q95466844,ALEXANDRA VEBROVA,0
15151,ALEXANDER HAMMID,Q21969674,MARGARITA ALEXANDRE,0
15151,ALEXANDER HAMMID,Q27043092,ALESSANDRO BIGNAMI,0
15151,ALEXANDER HAMMID,Q27044606,ALEJANDRO BARRIOS,0
15151,ALEXANDER HAMMID,Q95216155,MARC ALEXANDER MEYER,0
15151,ALEXANDER HAMMID,Q27051199,MICHAEL-ALEXANDER GEYER,0
15151,ALEXANDER HAMMID,Q95094229,ALEXANDRA MAJOVA,0
15151,ALEXANDER HAMMID,Q27051200,ALEXANDER GRUBER,0
15151,ALEXANDER HAMMID,Q2705483,ALEXANDER AMFITEATROV,0
15151,ALEXANDER HAMMID,Q27991233,ALEXANDER DUNN,0
15151,ALEXANDER HAMMID,Q106714332,ALEXANDRA GRAMMATKE,0
15151,ALEXANDER HAMMID,Q21567868,HASMIK ALEKSANYAN,0
15151,ALEXANDER HAMMID,Q21094851,ALEKSANDR DAVYDOV,0
15151,ALEXANDER HAMMID,Q2834079,ALEXANDRE THIBAULT,0
15151,ALEXANDER HAMMID,Q109713641,ALEXANDRA DUBE,0
15151,ALEXANDER HAMMID,Q10772561,ALEXANDRA BERKOVA,0
15151,ALEXANDER HAMMID,Q65032915,ALESSANDRA CACCIA,0
15151,ALEXANDER HAMMID,Q4480602,ALEXANDER FAYNBERG,0
15151,ALEXANDER HAMMID,Q4494650,ALEKSANDR KHAZIN,0
15151,ALEXANDER HAMMID,Q4497821,ALEXANDRE HINKIS,0
15151,ALEXANDER HAMMID,Q12139553,ALEXANDR PEREGUDA,0
15151,ALEXANDER HAMMID,Q12171106,ALEKSANDR SHAPIRO,0
15151,ALEXANDER HAMMID,Q12239965,MOHAMMED AL MANEA,0
15151,ALEXANDER HAMMID,Q67548702,ALEXANDER GIRALDO,0
15151,ALEXANDER HAMMID,Q16015959,ALEXANDER RAICHEV,0
15151,ALEXANDER HAMMID,Q15275664,ALEXA WILD,0
15151,ALEXANDER HAMMID,Q4718931,ALEXANDER GAUGE,0
15151,ALEXANDER HAMMID,Q4719280,ALEXANDER KATSAPOV,0
15151,ALEXANDER HAMMID,Q15062225,ALEKSANDR KHARITONOV,0
15151,ALEXANDER HAMMID,Q4721217,ALEXANDRU SAHIA,0
15151,ALEXANDER HAMMID,Q5546285,GOSTA ALEXANDERSSON,0
15151,ALEXANDER HAMMID,Q4459385,ALEKSANDRA TOIDZE,0
15151,ALEXANDER HAMMID,Q13050733,ALEXANDR ARAKSMANYAN,0
15151,ALEXANDER HAMMID,Q55673929,ALEXANDER BAEGE,0
15151,ALEXANDER HAMMID,Q62836984,ALEXANDRE RAMPAZZO,0
15151,ALEXANDER HAMMID,Q6256167,ALEXANDER OBERG,0
15151,ALEXANDER HAMMID,Q621389,ALESSANDRO SAFINA,0
15151,ALEXANDER HAMMID,Q12835602,ALEKSANDR MILOV,0
15151,ALEXANDER HAMMID,Q61977335,ALEXANDRE ROY,0
15151,ALEXANDER HAMMID,Q56676415,ALEXANDER VEXLER,0
15151,ALEXANDER HAMMID,Q56685875,ALEXANDER WALDHELM,0
15151,ALEXANDER HAMMID,Q5725260,ALEXANDER FARAGO,0
15151,ALEXANDER HAMMID,Q61766396,ALEXANDRE RUFIN,0
15151,ALEXANDER HAMMID,Q5962104,HAMID AMJAD,0
15151,ALEXANDER HAMMID,Q60049322,ALEXANDER GORBATOV,0
15151,ALEXANDER HAMMID,Q12013282,ALEXANDER POLA,0
15151,ALEXANDER HAMMID,Q4458404,ALEXANDER TIKHANOVICH,0
15151,ALEXANDER HAMMID,Q28418266,ALEXANDER SCHIMPKE,0
15151,ALEXANDER HAMMID,Q76625559,ALEXANDRE BARFETY,0
15151,ALEXANDER HAMMID,Q2035134,ALEXANDER NEVEROV,0
15151,ALEXANDER HAMMID,Q84720278,ALEKSANDR MIRONOV,0
15151,ALEXANDER HAMMID,Q1970002,ALEXANDER KORZHAKOV,0
15151,ALEXANDER HAMMID,Q7944882,ALEKSANDER GAWRONSKI,0
15151,ALEXANDER HAMMID,Q108063825,ALEXANDRU BOIANGIU,0
15151,ALEXANDER HAMMID,Q18416022,ALESSANDRO PAMBIANCO,0
15151,ALEXANDER HAMMID,Q18043528,ALEKSANDR BARINOV,0
15151,ALEXANDER HAMMID,Q3609872,ALESSANDRO BORGHI,0
15151,ALEXANDER HAMMID,Q3609975,ALESSANDRO DEGAI,0
15151,ALEXANDER HAMMID,Q109675903,ALEXANDRA AWASHISH,0
15151,ALEXANDER HAMMID,Q60618775,ALEJANDRO VIGNATI,0
15151,ALEXANDER HAMMID,Q3610817,ALEXANDRA DINU,0
15151,ALEXANDER HAMMID,Q76929988,ALEXANDROS PARTHENIS,0
15151,ALEXANDER HAMMID,Q76591663,ALEXANDRA CHALUPA,0
15151,ALEXANDER HAMMID,Q16330255,ALEXANDROS RIGAS,0
15151,ALEXANDER HAMMID,Q380506,ALEKSANDER FREDRO,0
15151,ALEXANDER HAMMID,Q4080024,ALEKSANDR BACHILO,0
15151,ALEXANDER HAMMID,Q4153610,ALEKSANDR DAVIDSON,0
15151,ALEXANDER HAMMID,Q75728970,ALEXANDER DYDYNA,0
15151,ALEXANDER HAMMID,Q16644550,JANN HALEXANDER,0
15151,ALEXANDER HAMMID,Q4178494,ALEKSANDR ZHDANOVICH,0
15151,ALEXANDER HAMMID,Q4239756,ALEXANDER KRASOVITSKI,0
15151,ALEXANDER HAMMID,Q4244280,ALEXANDER KUGEL,0
15151,ALEXANDER HAMMID,Q4283235,ALEKSANDR MARSHAL,0
15151,ALEXANDER HAMMID,Q11685035,ALEKSANDER IWANIEC,0
15151,ALEXANDER HAMMID,Q4387067,ALEKSANDR RAGULIN,0
15151,ALEXANDER HAMMID,Q4405502,ALEXANDER SAXELIN,0
15151,ALEXANDER HAMMID,Q4421947,ALEXANDER F. SKLYAR,0
15151,ALEXANDER HAMMID,Q4494918,ALEXANDER KHAKIMOV,0
