acmi_id,acmi_name,wikidata_id,wikidata_name,match
35686,ROS FRANEY,Q22351143,RAINER WOSS,59
35686,ROS FRANEY,Q5486968,FRANK GROSS,57
35686,ROS FRANEY,Q1124850,FRANCO GRAZIOSI,56
35686,ROS FRANEY,Q53050,FRANCESCO ROSI,56
35686,ROS FRANEY,Q446227,RORY COCHRANE,55
35686,ROS FRANEY,Q474679,FROSTY FREEZE,55
35686,ROS FRANEY,Q7678522,FRANK KJOSAS,54
35686,ROS FRANEY,Q5479879,FRANCINE YORK,53
35686,ROS FRANEY,Q732921,MARIE FRANCE,53
35686,ROS FRANEY,Q2074877,RAJESH ROSHAN,53
35686,ROS FRANEY,Q2074945,PETER FRANCKE,53
35686,ROS FRANEY,Q264004,FLORA ROBSON,52
35686,ROS FRANEY,Q2269100,FERNANDO SIRO,52
35686,ROS FRANEY,Q15177567,FRANK LOSEE,52
35686,ROS FRANEY,Q318261,LON CHANEY JR.,52
35686,ROS FRANEY,Q913003,BRIAN ROBBINS,50
35686,ROS FRANEY,Q463883,FRANCES MARION,50
35686,ROS FRANEY,Q1356550,ERNEST TROOST,50
35686,ROS FRANEY,Q12017455,FRANTISEK ROLAND,50
35686,ROS FRANEY,Q305402,FRANK MOORHOUSE,50
35686,ROS FRANEY,Q95653979,NELLY RAMOS,50
35686,ROS FRANEY,Q1967403,ANDREY KRASKO,50
35686,ROS FRANEY,Q276369,FRANCOISE PREVOST,48
35686,ROS FRANEY,Q348059,FRANC RODDAM,48
35686,ROS FRANEY,Q1349886,ROBERT FLOREY,48
35686,ROS FRANEY,Q7367815,ROSE KAUFMAN,48
35686,ROS FRANEY,Q16064485,FRANZ ROGOWSKI,48
35686,ROS FRANEY,Q467519,RANDY TRAVIS,48
35686,ROS FRANEY,Q1751108,FRANK URSON,48
35686,ROS FRANEY,Q316615,FRANZ GROTHE,48
35686,ROS FRANEY,Q1704579,JOSEF FIRMANS,48
35686,ROS FRANEY,Q118870,RON CAREY,48
35686,ROS FRANEY,Q451631,FRANCOISE ROSAY,48
35686,ROS FRANEY,Q1040240,FRANCO ROSSI,48
35686,ROS FRANEY,Q1230411,FRANK PARTOS,47
35686,ROS FRANEY,Q21281966,ROBERT BRAKEY,46
35686,ROS FRANEY,Q3066479,FANNY ROBIANE,46
35686,ROS FRANEY,Q61783327,FRANCES MARSH,46
35686,ROS FRANEY,Q311319,FRANK OZ,46
35686,ROS FRANEY,Q3438978,ROGER FRADET,45
35686,ROS FRANEY,Q1274892,FRANK J. URIOSTE,45
35686,ROS FRANEY,Q18529524,FRANCE KOSMAC,45
35686,ROS FRANEY,Q711984,FRANCIS GIROD,45
35686,ROS FRANEY,Q311716,FRANCO NERO,45
35686,ROS FRANEY,Q2695500,FRANK OVERTON,45
35686,ROS FRANEY,Q1336850,FRANK PIERSON,45
35686,ROS FRANEY,Q65043142,JOSEPH FRANZ,44
35686,ROS FRANEY,Q948929,ROBERT FRAZER,44
35686,ROS FRANEY,Q447971,KASEY ROGERS,44
35686,ROS FRANEY,Q24045553,MARIA FRANCES,44
35686,ROS FRANEY,Q11190573,ROSEMARY LANE,44
35686,ROS FRANEY,Q467954,PEDRO INFANTE,44
35686,ROS FRANEY,Q24191393,ANTONY PARTOS,43
35686,ROS FRANEY,Q4099649,ANDREY BURKOVSKY,43
35686,ROS FRANEY,Q3080877,FRANCESCA ROBERTS,43
35686,ROS FRANEY,Q1442659,FRANCO ROSSETTI,43
35686,ROS FRANEY,Q51525,MILOS FORMAN,43
35686,ROS FRANEY,Q3616265,ANDREW GROSS,43
35686,ROS FRANEY,Q3082620,FRANK GERRISH,43
35686,ROS FRANEY,Q1324016,SAMI FREY,43
35686,ROS FRANEY,Q2167480,FRANCIE SWIFT,43
35686,ROS FRANEY,Q26292658,DANIEL ROJAS,43
35686,ROS FRANEY,Q5531425,GENE ROSE,43
35686,ROS FRANEY,Q3750503,FRANCESCO PROSPERI,42
35686,ROS FRANEY,Q22237363,FRANK THEYS,42
35686,ROS FRANEY,Q918616,FRANK GRILLO,42
35686,ROS FRANEY,Q5490129,FRANK VOSPER,42
35686,ROS FRANEY,Q95777969,FRANTISEK JERHOT,42
35686,ROS FRANEY,Q931392,FRED ROBSAHM,42
35686,ROS FRANEY,Q3749890,FRANCESCO DE ROSA,42
35686,ROS FRANEY,Q63396813,FRANCESCO PRISCO,42
35686,ROS FRANEY,Q7369490,ROSS MARQUAND,42
35686,ROS FRANEY,Q3751533,FRANCO PROSPERI,42
35686,ROS FRANEY,Q23005730,MANUEL ROJAS,42
35686,ROS FRANEY,Q1998930,FRANKIE SAKAI,42
35686,ROS FRANEY,Q23762626,RANDY REDROAD,42
35686,ROS FRANEY,Q22926777,LESLIE FRANKE,41
35686,ROS FRANEY,Q5491081,FRANKIE THOMAS,41
35686,ROS FRANEY,Q3752623,FRED GROVES,41
35686,ROS FRANEY,Q55597004,FRED GRIVOIS,41
35686,ROS FRANEY,Q166272,GEOFFREY RUSH,41
35686,ROS FRANEY,Q6288874,JOSH FRIEDMAN,41
35686,ROS FRANEY,Q3085027,FRANCOIS JEROSME,40
35686,ROS FRANEY,Q60879624,FRANKIE GADDO,40
35686,ROS FRANEY,Q17350573,FANNY TOURON,40
35686,ROS FRANEY,Q2160118,ROC LAFORTUNE,40
35686,ROS FRANEY,Q3082593,FRANK E. WOODS,40
35686,ROS FRANEY,Q2337815,ANNIE BOS,40
35686,ROS FRANEY,Q20007134,FRANK MARLOWE,40
35686,ROS FRANEY,Q267184,ANNIE ROSS,40
35686,ROS FRANEY,Q5939845,JOSE FRANCO,40
35686,ROS FRANEY,Q24035147,ROBERT ROANNE,40
35686,ROS FRANEY,Q5487122,FRANK HARRIS,40
35686,ROS FRANEY,Q2074952,PETER FRANKE,40
35686,ROS FRANEY,Q23805787,ULRIKE FRANKE,40
35686,ROS FRANEY,Q2355121,FRANCK PROVOST,40
35686,ROS FRANEY,Q1661955,ROSANNA FRATELLO,40
35686,ROS FRANEY,Q2548961,PETER FRANZEN,40
35686,ROS FRANEY,Q386438,FRANCOISE GIROUD,40
35686,ROS FRANEY,Q1373377,RAKESH ROSHAN,40
35686,ROS FRANEY,Q1327040,RON RANDELL,40
35686,ROS FRANEY,Q467574,ROBERT FRANK,40
35686,ROS FRANEY,Q85519014,FLORIAN ROSS,40
35686,ROS FRANEY,Q1236340,FRANZ MOSTHAV,40
35686,ROS FRANEY,Q4861778,BARNEY ROGAN,40
35686,ROS FRANEY,Q91245,FRANZ OSTEN,40
35686,ROS FRANEY,Q377662,JEFFREY JONES,40
35686,ROS FRANEY,Q7387959,S. V. RANGA RAO,40
35686,ROS FRANEY,Q927107,RONALD FRASER,40
35686,ROS FRANEY,Q2514758,FRANK ROSS,40
35686,ROS FRANEY,Q107525583,BRADLEY DODDS,40
35686,ROS FRANEY,Q1057939,EVAN ROSS,40
35686,ROS FRANEY,Q1445092,FRANKIE THORN,39
35686,ROS FRANEY,Q42671,FRANK GORSHIN,39
35686,ROS FRANEY,Q12023036,JAN ROSAK,39
35686,ROS FRANEY,Q3080747,FRANCE ROCHE,39
35686,ROS FRANEY,Q3442681,ROSINE DEREAN,39
35686,ROS FRANEY,Q502390,ANDREY PETROV,39
35686,ROS FRANEY,Q320816,RON GRAINER,39
35686,ROS FRANEY,Q762782,ROB DELANEY,38
35686,ROS FRANEY,Q1369720,FRANK SIVERO,38
35686,ROS FRANEY,Q6126438,SEVERO FERNANDEZ,38
35686,ROS FRANEY,Q4758318,ANDREW PROWSE,38
35686,ROS FRANEY,Q5489269,FRANK RONZIO,38
35686,ROS FRANEY,Q3941259,ROSA PIANETA,38
35686,ROS FRANEY,Q2231142,FRANK PERKINS,38
35686,ROS FRANEY,Q87192,ANNIE ROSAR,38
35686,ROS FRANEY,Q12302133,ARNE BRO,38
35686,ROS FRANEY,Q5478856,FRANCES MORRIS,38
35686,ROS FRANEY,Q12017540,FRANTISEK TROSTER,38
35686,ROS FRANEY,Q5864704,FRANCESC GARRIDO,38
35686,ROS FRANEY,Q3763144,GIANFRANCO ROSI,38
35686,ROS FRANEY,Q598675,GARY ROSS,38
35686,ROS FRANEY,Q228717,ROSE BYRNE,38
35686,ROS FRANEY,Q1442654,FRANCO RESSEL,38
35686,ROS FRANEY,Q5460763,FLORENCE ROBERTS,38
35686,ROS FRANEY,Q20973952,ANTHONY RAMOS,38
35686,ROS FRANEY,Q513761,FRANKIE NEGRON,38
35686,ROS FRANEY,Q3286945,MANUEL TADROS,38
35686,ROS FRANEY,Q33435887,PETR FRANEK,38
35686,ROS FRANEY,Q496339,HORST FRANK,38
35686,ROS FRANEY,Q3081238,FRANCINE RUEL,38
35686,ROS FRANEY,Q7317713,REVA ROSE,38
35686,ROS FRANEY,Q15732459,BRANDON TROST,38
35686,ROS FRANEY,Q4773380,ANTHONY ROSS,38
35686,ROS FRANEY,Q3442638,ROSIE FELLNER,38
35686,ROS FRANEY,Q3434215,ROB MORAN,38
35686,ROS FRANEY,Q354062,OSCAR BRODNEY,38
35686,ROS FRANEY,Q1443809,FRANK MORRISS,37
35686,ROS FRANEY,Q1748298,TROND BRAENNE,37
35686,ROS FRANEY,Q3763857,ANDY ROBERTS,37
35686,ROS FRANEY,Q3806927,JAN ROOS,37
35686,ROS FRANEY,Q3193693,FRANK LAMMERS,37
35686,ROS FRANEY,Q73799,FRANK RIPPLOH,37
35686,ROS FRANEY,Q2007213,LOUIS FAN,37
35686,ROS FRANEY,Q1104593,FERENC KARDOS,37
35686,ROS FRANEY,Q6962941,NANCY ROBERTS,37
35686,ROS FRANEY,Q22082656,FERNANDE ROY,37
35686,ROS FRANEY,Q27051483,FRANCOIS LAROSA,37
35686,ROS FRANEY,Q5855921,FANNY NAVARRO,36
35686,ROS FRANEY,Q4761573,ANECY ROCHA,36
35686,ROS FRANEY,Q26251075,FERNANDO RISI,36
35686,ROS FRANEY,Q7105984,OSCAR FRALEY,36
35686,ROS FRANEY,Q730084,ROSS MALINGER,36
35686,ROS FRANEY,Q16493230,FRANCESC MORALES,36
35686,ROS FRANEY,Q7286616,RAKESH PANDEY,36
35686,ROS FRANEY,Q25906564,FRANKY LINERO,36
35686,ROS FRANEY,Q23695803,TOM FERNANDEZ,36
35686,ROS FRANEY,Q263748,FRANCIA RAISA,36
35686,ROS FRANEY,Q4492382,RAMON FRANCO,36
35686,ROS FRANEY,Q16887744,FRANK PEROZO,36
35686,ROS FRANEY,Q5478959,FRANCES STARR,36
35686,ROS FRANEY,Q2675693,FRED ROOS,36
35686,ROS FRANEY,Q7292426,RANDY SCRUGGS,36
35686,ROS FRANEY,Q2783327,ANDREY GROMOV,36
35686,ROS FRANEY,Q16019794,FRANKIE SARDO,36
35686,ROS FRANEY,Q748740,ANNE ROUSSEL,36
35686,ROS FRANEY,Q15456817,ANDREW GROSS,36
35686,ROS FRANEY,Q2167491,ROSL MAYR,36
35686,ROS FRANEY,Q1448079,FRANZ LOSKARN,36
35686,ROS FRANEY,Q6414821,KIRAN RAO,36
35686,ROS FRANEY,Q3067668,FAY ROOPE,36
35686,ROS FRANEY,Q273056,NANCY PARSONS,35
35686,ROS FRANEY,Q5214308,DAN ROSEN,35
35686,ROS FRANEY,Q3080456,FRAN RYAN,35
35686,ROS FRANEY,Q3443841,ANATOLY EFROS,35
35686,ROS FRANEY,Q430077,RANDY SPEARS,35
35686,ROS FRANEY,Q16221528,ROSHAN PRINCE,35
35686,ROS FRANEY,Q7849148,TRES HANLEY,35
35686,ROS FRANEY,Q687311,FRANK MEDRANO,35
35686,ROS FRANEY,Q7344514,ROBERT FRAZEN,35
35686,ROS FRANEY,Q7363798,RON FRIEDMAN,35
35686,ROS FRANEY,Q1443988,FRANK R. MOORE,35
35686,ROS FRANEY,Q210762,ANDREW ROSSI,35
35686,ROS FRANEY,Q95828112,FRANZ GOESS,35
35686,ROS FRANEY,Q3085738,FRANCOIS ROSTAIN,34
35686,ROS FRANEY,Q3082659,FRANK HOWSON,34
35686,ROS FRANEY,Q541447,ROZSI BARSONY,34
35686,ROS FRANEY,Q1750692,LES CRANE,34
35686,ROS FRANEY,Q3424553,REMO FORLANI,34
35686,ROS FRANEY,Q522603,ANDRE ROUSSIN,34
35686,ROS FRANEY,Q362362,MURRAY ROSE,34
35686,ROS FRANEY,Q95108736,MARTIN FRANCE,34
35686,ROS FRANEY,Q21935475,JOSEPH GRANBY,34
35686,ROS FRANEY,Q3085133,FRANCOIS LE ROUX,33
35686,ROS FRANEY,Q5194951,GERMAN ROBLES,33
35686,ROS FRANEY,Q1929677,FRANK KROG,33
35686,ROS FRANEY,Q3080826,FRANCES RAYMOND,33
35686,ROS FRANEY,Q2091672,PEDRO FERNANDEZ,33
35686,ROS FRANEY,Q21141698,ANDREY FROLOV,33
35686,ROS FRANEY,Q3053268,NEIL ROSS,33
35686,ROS FRANEY,Q1275768,FRED ROGERS,33
35686,ROS FRANEY,Q238425,CRISTINE ROSE,33
35686,ROS FRANEY,Q1444294,FRANK TARLOFF,33
35686,ROS FRANEY,Q1277103,FRANZ STOSS,33
35686,ROS FRANEY,Q16154235,MARIE FRANCEY,33
35686,ROS FRANEY,Q1320792,ROSS BAGLEY,33
35686,ROS FRANEY,Q7367047,ROSA FURMAN,33
35686,ROS FRANEY,Q3739269,FANNY MARCHIO,33
35686,ROS FRANEY,Q3291777,MARIE-FRANCE,32
35686,ROS FRANEY,Q5287036,DOC CRANE,32
35686,ROS FRANEY,Q80349289,ANDRE BOS,32
35686,ROS FRANEY,Q21070335,FRANCES ROBINSON,32
35686,ROS FRANEY,Q879970,ROSS ANTONY,32
35686,ROS FRANEY,Q7371355,ROUSY CHANEV,32
35686,ROS FRANEY,Q7312035,REMO FERNANDES,32
35686,ROS FRANEY,Q1058672,FRANKY G,32
35686,ROS FRANEY,Q530202,JANE A. ROGERS,32
35686,ROS FRANEY,Q438604,FRANCES REID,32
35686,ROS FRANEY,Q31184342,MARIO FANELLI,32
35686,ROS FRANEY,Q3181533,JOHN FRAWLEY,32
35686,ROS FRANEY,Q7292439,RANDY SPARKS,32
35686,ROS FRANEY,Q16336761,ARACY CARDOSO,32
35686,ROS FRANEY,Q561396,ROSCOE ORMAN,32
35686,ROS FRANEY,Q2197125,ALEC ROSS,32
35686,ROS FRANEY,Q57966510,FRANT GWO,32
35686,ROS FRANEY,Q5478902,FRANCES RAINES,32
35686,ROS FRANEY,Q6112604,ROSITA FORNES,32
35686,ROS FRANEY,Q22280141,FRANCO ROSSO,32
35686,ROS FRANEY,Q2424061,THOMAS FRANZEL,32
35686,ROS FRANEY,Q5939755,JOSE FRADE,32
35686,ROS FRANEY,Q4360680,ANDREY PETROV,31
35686,ROS FRANEY,Q28008973,LALO FRANSEN,31
35686,ROS FRANEY,Q5552394,GEROLD FRANK,31
35686,ROS FRANEY,Q2163322,ROLF DEFRANK,31
35686,ROS FRANEY,Q60215278,RAMON ZARZOSO,31
35686,ROS FRANEY,Q60845120,FRANCOIS JAROS,31
35686,ROS FRANEY,Q5490239,FRANK WATERS,31
35686,ROS FRANEY,Q61763948,JEANNE ROSA,31
35686,ROS FRANEY,Q3367405,PASCAL FORNEY,31
35686,ROS FRANEY,Q2366325,LOUIS FRANCIS,31
35686,ROS FRANEY,Q1286048,MANUEL ROSLER,31
35686,ROS FRANEY,Q63069016,FERNANDO FURONES,31
35686,ROS FRANEY,Q5675218,ANDREA ROS,31
35686,ROS FRANEY,Q11837094,FRANKIE SHAW,31
35686,ROS FRANEY,Q966018,FRANK LOESSER,31
35686,ROS FRANEY,Q110984,MARKUS FRANK,31
35686,ROS FRANEY,Q109824074,LOUIS FRANCIS,31
35686,ROS FRANEY,Q5444473,FERN PERSONS,31
35686,ROS FRANEY,Q3074014,FLORENCE PAYROS,31
35686,ROS FRANEY,Q27050762,FRANK TIERENS,30
35686,ROS FRANEY,Q16201980,HONEY ROSE,30
35686,ROS FRANEY,Q7363621,RON CHANEY,30
35686,ROS FRANEY,Q483417,RIO FERDINAND,30
35686,ROS FRANEY,Q559609,FRANCIS ROSSI,30
35686,ROS FRANEY,Q22115386,RONAN BLANEY,30
35686,ROS FRANEY,Q88214060,ANDREA KORMOS,30
35686,ROS FRANEY,Q4078215,ANDREY BARILO,30
35686,ROS FRANEY,Q23761727,ALISON E. ROSE,30
35686,ROS FRANEY,Q4492356,LOUIS FRANK,30
35686,ROS FRANEY,Q1444043,FRANK ROBERT,30
35686,ROS FRANEY,Q4761240,ANDY ROBERTS,30
35686,ROS FRANEY,Q3940950,RON ATHEY,30
35686,ROS FRANEY,Q3749311,FRANCA PARISI,30
35686,ROS FRANEY,Q33137529,FRANCOIS ARMANET,30
35686,ROS FRANEY,Q2963067,FRANKY RIBBENS,30
35686,ROS FRANEY,Q48778468,FRANCESCO GARBO,30
35686,ROS FRANEY,Q3161090,JAMES FRAWLEY,30
35686,ROS FRANEY,Q28008923,OSCAR FREYRE,30
35686,ROS FRANEY,Q306373,ABBEY BROOKS,30
35686,ROS FRANEY,Q3082737,FRANK MOSER,30
35686,ROS FRANEY,Q27559663,CARLOS CARDAN,30
35686,ROS FRANEY,Q3069518,FERNANDO OSES,30
35686,ROS FRANEY,Q61641231,ARY ROSA,30
35686,ROS FRANEY,Q507999,ROSHON FEGAN,30
35686,ROS FRANEY,Q1624504,HOLGER FRANKE,29
35686,ROS FRANEY,Q66091642,ALEX ROSE,29
35686,ROS FRANEY,Q1891716,MANUEL ROJAS,29
35686,ROS FRANEY,Q6209936,JOE FUREY,29
35686,ROS FRANEY,Q1965794,ROMAN BRATNY,29
35686,ROS FRANEY,Q28378507,FRANK HOLMES,29
35686,ROS FRANEY,Q21995473,LARRY FRANCER,29
35686,ROS FRANEY,Q109716145,FREYA PARKS,29
35686,ROS FRANEY,Q107971481,MARCOS HERNANDEZ,29
35686,ROS FRANEY,Q67924233,FRANTISEK HOST,29
35686,ROS FRANEY,Q3938399,ROBERT RAMSEY,29
35686,ROS FRANEY,Q20048351,ROMI RAIN,29
35686,ROS FRANEY,Q6557995,LISA FRANCE,29
35686,ROS FRANEY,Q2851093,ANNE FRANCOIS,29
35686,ROS FRANEY,Q20968375,ROSY MORAN,29
35686,ROS FRANEY,Q3742995,FERNAN MIRAS,29
35686,ROS FRANEY,Q601594,JOSH FREEMAN,29
35686,ROS FRANEY,Q2437782,TOBIAS FRANK,29
35686,ROS FRANEY,Q7368886,ROSIE DAY,29
35686,ROS FRANEY,Q3085760,FRANCOIS ROY,29
35686,ROS FRANEY,Q3086499,FRANCOISE GRATON,29
35686,ROS FRANEY,Q5493506,FRANCOISE ROBERTSON,29
35686,ROS FRANEY,Q17537347,RAINER VOSS,29
35686,ROS FRANEY,Q5488557,FRANK MOSVOLD,29
35686,ROS FRANEY,Q763507,FRANK HARRIS,29
35686,ROS FRANEY,Q4965165,BRIAN RONALDS,28
35686,ROS FRANEY,Q526273,ANDY IRONS,28
35686,ROS FRANEY,Q106243477,MARCOS FERRANTE,28
35686,ROS FRANEY,Q3049936,JEFFREY ROGERS,28
35686,ROS FRANEY,Q275719,FANNIE HURST,28
35686,ROS FRANEY,Q484697,RUSS FREEMAN,28
35686,ROS FRANEY,Q16902242,RAJESH PANDEY,28
35686,ROS FRANEY,Q5486964,FRANK GRIMES,28
35686,ROS FRANEY,Q19910733,ANDREY OSIPOV,28
35686,ROS FRANEY,Q11774275,DANY MESAROS,28
35686,ROS FRANEY,Q19850866,FLORIAN FOEST,28
35686,ROS FRANEY,Q23692159,FRANK GROSS,28
35686,ROS FRANEY,Q366657,FRANCESCO MOSER,28
35686,ROS FRANEY,Q61994791,ROSINA HENLEY,28
35686,ROS FRANEY,Q937267,FRANK THOMAS,27
35686,ROS FRANEY,Q7372968,ROY HORAN,27
35686,ROS FRANEY,Q808489,BARNEY ROSS,27
35686,ROS FRANEY,Q5976736,FRANK MARINO,27
35686,ROS FRANEY,Q439292,FRANCINE RIVERS,27
35686,ROS FRANEY,Q4963467,BRIAN CROSBY,27
35686,ROS FRANEY,Q5434060,FANNY ROWE,27
35686,ROS FRANEY,Q99529047,JOSE FRANKLIN,27
35686,ROS FRANEY,Q27680940,RONAN RAFTERY,27
35686,ROS FRANEY,Q26899846,BRIAN ROSS,27
35686,ROS FRANEY,Q366012,AVERY BROOKS,27
35686,ROS FRANEY,Q4147406,ANDREY GRADOV,27
35686,ROS FRANEY,Q23449327,ROGER MANLEY,27
35686,ROS FRANEY,Q302004,FRANK REYNOLDS,27
35686,ROS FRANEY,Q16106601,FRANCO DE ROSA,27
35686,ROS FRANEY,Q21170529,STIJN FRANSEN,27
35686,ROS FRANEY,Q15919145,SHARON ROONEY,27
35686,ROS FRANEY,Q17294048,KARL FREY,27
35686,ROS FRANEY,Q1665278,URS FREY,27
35686,ROS FRANEY,Q24205698,RENATE ROLFS,27
35686,ROS FRANEY,Q1444045,FRANK ROLLMER,27
35686,ROS FRANEY,Q5486834,FRANK GERSTLE,26
35686,ROS FRANEY,Q4861783,BARNEY ROSSET,26
35686,ROS FRANEY,Q3429603,RHODES REASON,26
35686,ROS FRANEY,Q64362239,FRANK V. ROSS,26
35686,ROS FRANEY,Q32764294,DANIEL ROUS,26
35686,ROS FRANEY,Q4971812,GERALDINE ROJAS,26
35686,ROS FRANEY,Q64350627,JORDAN RHODES,26
35686,ROS FRANEY,Q3081556,FRANCIS LEROI,26
35686,ROS FRANEY,Q21070068,ROY PAYNE,26
35686,ROS FRANEY,Q22022582,ROB JAYNE,26
35686,ROS FRANEY,Q59692302,ROGER RACINE,26
35686,ROS FRANEY,Q7289826,RAMON FERNANDEZ,26
35686,ROS FRANEY,Q17059400,GRO FRAAS,26
35686,ROS FRANEY,Q3939341,ROBY FERRANTE,26
35686,ROS FRANEY,Q107168952,ANNE ROSS,26
35686,ROS FRANEY,Q15783454,ANGELO ROSS,26
35686,ROS FRANEY,Q1444260,FRANK STRAASS,26
35686,ROS FRANEY,Q3750549,FRANCESCO ROMANO,26
35686,ROS FRANEY,Q5478682,FRANCES GREY,26
35686,ROS FRANEY,Q402306,AHNEY HER,26
35686,ROS FRANEY,Q4493515,SEMYON FURMAN,26
35686,ROS FRANEY,Q26858542,FRANK GEYER,25
35686,ROS FRANEY,Q26898738,MARI FRANKEL,25
35686,ROS FRANEY,Q22639250,RON FABER,25
35686,ROS FRANEY,Q28611172,LIES FRANKEN,25
35686,ROS FRANEY,Q843541,FRANK M. ROBINSON,25
35686,ROS FRANEY,Q6176193,JEFFREY OBROW,25
35686,ROS FRANEY,Q3080734,FRANCE PARENT,25
35686,ROS FRANEY,Q6209903,JOE FRANK,25
35686,ROS FRANEY,Q5135321,DANIELA ROSSI,25
35686,ROS FRANEY,Q23926061,RON RAMIN,25
35686,ROS FRANEY,Q454347,ANNE ROBINSON,25
35686,ROS FRANEY,Q65153157,FRANK POLSON,25
35686,ROS FRANEY,Q26859059,JAY ROSS,25
35686,ROS FRANEY,Q1376013,FRANK ROTH,25
35686,ROS FRANEY,Q6762064,MARIANA RIOS,25
35686,ROS FRANEY,Q1774177,FRANCES MAYES,25
35686,ROS FRANEY,Q1449017,FRANZ SCHOMBS,25
35686,ROS FRANEY,Q56642762,JEFFREY SOROS,25
35686,ROS FRANEY,Q5952404,JUAN ROSA,25
35686,ROS FRANEY,Q26868975,ROB FACEY,24
35686,ROS FRANEY,Q26899293,RODNEY ROLDAN,24
35686,ROS FRANEY,Q4352955,ANA ROSA,24
35686,ROS FRANEY,Q2370931,FANELY REVOIL,24
35686,ROS FRANEY,Q2208408,ROSIE GAINES,24
35686,ROS FRANEY,Q20685253,RANYA RAO,24
35686,ROS FRANEY,Q17264429,RANEY SHOCKNE,24
35686,ROS FRANEY,Q7292475,RANDY TORRES,24
35686,ROS FRANEY,Q1362570,FRANK MARINO,24
35686,ROS FRANEY,Q12789256,FRANCE PRESETNIK,24
35686,ROS FRANEY,Q1242613,ROSE FRANKEN,24
35686,ROS FRANEY,Q11903039,YRJO PARJANNE,24
35686,ROS FRANEY,Q106374508,BRIAN ROSS,24
35686,ROS FRANEY,Q988552,HO FAN,24
35686,ROS FRANEY,Q655877,FRANCES REID,24
35686,ROS FRANEY,Q100742669,THOMAS FERNANDEZ,24
35686,ROS FRANEY,Q5482296,FRANCIS REYES,24
35686,ROS FRANEY,Q5460765,FLORENCE ROBERTS,24
35686,ROS FRANEY,Q4327561,ANDREY NOSKOV,24
35686,ROS FRANEY,Q4757186,ANDREW GROVES,24
35686,ROS FRANEY,Q3441521,RONALD FRANCE,24
35686,ROS FRANEY,Q4965125,BRIAN RHODES,24
35686,ROS FRANEY,Q4974949,FANNY RISBERG,24
35686,ROS FRANEY,Q51808923,RAMELL ROSS,24
35686,ROS FRANEY,Q535488,CARLOS ATANES,24
35686,ROS FRANEY,Q3430050,NORMAN ROSTEN,24
35686,ROS FRANEY,Q5478210,FRANC. REYES,24
35686,ROS FRANEY,Q28030743,JANE ROSE,24
35686,ROS FRANEY,Q5868527,FRANK MORO,23
35686,ROS FRANEY,Q77582,MARY ROOS,23
35686,ROS FRANEY,Q7372796,ROY FEGAN,23
35686,ROS FRANEY,Q735033,FRANCOIS DUFRENE,23
35686,ROS FRANEY,Q648359,FRANKIE JONAS,23
35686,ROS FRANEY,Q64022195,MARIANO ROSAS,23
35686,ROS FRANEY,Q21208674,FRANK A. LYONS,23
35686,ROS FRANEY,Q972193,ALFREDO ROJAS,23
35686,ROS FRANEY,Q28131966,ANGELICA ROSS,23
35686,ROS FRANEY,Q2740954,FRANK KOVACS,23
35686,ROS FRANEY,Q3434168,ROB DELANEY,22
35686,ROS FRANEY,Q66826088,FRANCESCA ZONARS,22
35686,ROS FRANEY,Q56842289,ROBIN FORMAN,22
35686,ROS FRANEY,Q4150189,ANDREY GROMOV,22
35686,ROS FRANEY,Q356965,ANDREY KURKOV,22
35686,ROS FRANEY,Q7368981,ROSITA FORBES,22
35686,ROS FRANEY,Q60715484,FRANK SOIRON,22
35686,ROS FRANEY,Q20758188,MARGOT FINLEY,22
35686,ROS FRANEY,Q1511868,ROY RENE,22
35686,ROS FRANEY,Q3742967,FERNANDO SOSA,22
35686,ROS FRANEY,Q2855933,FRANS KOPPERS,22
35686,ROS FRANEY,Q3750548,FRANCESCO ROMEI,22
35686,ROS FRANEY,Q106950387,FARADAY OKORO,22
35686,ROS FRANEY,Q24706330,ROBBIE FRASER,22
35686,ROS FRANEY,Q3751864,FRANK MAROCCO,22
35686,ROS FRANEY,Q1541140,MYRA FRANCES,22
35686,ROS FRANEY,Q20088105,FANNY KRAUSZ,21
35686,ROS FRANEY,Q6487279,LANNY ROSS,21
35686,ROS FRANEY,Q3183713,JORDAN ROSS,21
35686,ROS FRANEY,Q8267545,ROSE CHAN,21
35686,ROS FRANEY,Q1610333,HERMAN ROSSE,21
35686,ROS FRANEY,Q24248580,FRANK VOSS,21
35686,ROS FRANEY,Q5859293,JOSE FRANCO,21
35686,ROS FRANEY,Q106820136,BRYAN ROSTRON,21
35686,ROS FRANEY,Q5741003,TOMMY FRANZEN,21
35686,ROS FRANEY,Q977956,FRANCESCO ROMANO,21
35686,ROS FRANEY,Q3080762,FRANCE ZOBDA,21
35686,ROS FRANEY,Q1047235,CASEY ROBERTS,21
35686,ROS FRANEY,Q535430,FRANK SERPICO,21
35686,ROS FRANEY,Q8960548,FRANCESCA KAO,21
35686,ROS FRANEY,Q23013340,FRANC ROSS,21
35686,ROS FRANEY,Q1451178,FRANCOIS ROSSIER,21
35686,ROS FRANEY,Q1507300,ALEX ROSS,21
35686,ROS FRANEY,Q6300947,JUAN RIOS,21
35686,ROS FRANEY,Q5218630,DANIEL ROSS,21
35686,ROS FRANEY,Q61641258,ROB GRANT,21
35686,ROS FRANEY,Q6276961,JORDAN ROSS,21
35686,ROS FRANEY,Q18438793,ANTJE STAROST,20
35686,ROS FRANEY,Q27042222,ROSA FONG,20
35686,ROS FRANEY,Q21403056,IRENE ROBLES,20
35686,ROS FRANEY,Q7356730,RODGER MCFARLANE,20
35686,ROS FRANEY,Q27663688,THEODUS CRANE,20
35686,ROS FRANEY,Q26908213,ROS HORIN,19
35686,ROS FRANEY,Q107641409,ROB LANE,19
35686,ROS FRANEY,Q1463,FERDINAND MARCOS,19
35686,ROS FRANEY,Q720613,MARK FRANKEL,19
35686,ROS FRANEY,Q3417274,RAFAEL ROSELL,19
35686,ROS FRANEY,Q2236397,ANNE RATS,19
35686,ROS FRANEY,Q2172655,RUDOLF FRANK,19
35686,ROS FRANEY,Q3086958,FRED STROMSOE,19
35686,ROS FRANEY,Q3014631,DANIEL ROSS,19
35686,ROS FRANEY,Q105890441,FRANK ROMANO,18
35686,ROS FRANEY,Q64856796,PRAN ROY,18
35686,ROS FRANEY,Q107813437,ANDREA ROSSI,18
35686,ROS FRANEY,Q4356824,FRANCES RICH,17
35686,ROS FRANEY,Q25907633,RANDY SER,17
35686,ROS FRANEY,Q17183005,FRANK HARTS,17
35686,ROS FRANEY,Q5213618,DAN GROSS,17
35686,ROS FRANEY,Q461942,HARMONY ROSE,16
35686,ROS FRANEY,Q21517581,FRANK PROCTOR,16
35686,ROS FRANEY,Q7339,MARGOT FRANK,16
35686,ROS FRANEY,Q1443312,FRANK GOOSEN,15
35686,ROS FRANEY,Q3440746,ROMAIN RAINE,15
35686,ROS FRANEY,Q4099823,ANDREY BUROV,14
35686,ROS FRANEY,Q24302094,FRANK NOTARO,13
35686,ROS FRANEY,Q24039195,ROSS GARLAND,12
35686,ROS FRANEY,Q65115756,FANNY FOREST,12
35686,ROS FRANEY,Q712746,FRANK NORRIS,12
35686,ROS FRANEY,Q3066484,FANNY ROY,11
35686,ROS FRANEY,Q5217357,DANIEL GROSS,11
35686,ROS FRANEY,Q4758415,ANDREW ROBSON,11
35686,ROS FRANEY,Q97693969,RAFAEL ROOS,10
35686,ROS FRANEY,Q9628573,ARIANE PORTO,0
35686,ROS FRANEY,Q10334166,MYRIAN RIOS,0
35686,ROS FRANEY,Q109265358,ANDREA RIOS,0
35686,ROS FRANEY,Q10281388,FERNANDO JOSE,0
35686,ROS FRANEY,Q95135543,FRANTISEK SEC,0
35686,ROS FRANEY,Q12017502,FRANTISEK SRB,0
35686,ROS FRANEY,Q9264069,FRYDERYK JAROSY,0
35686,ROS FRANEY,Q12026001,JOSEF FORMANEK,0
35686,ROS FRANEY,Q12320940,JORN ROSE,0
35686,ROS FRANEY,Q4099853,ANDREY BUROVSKY,0
35686,ROS FRANEY,Q12388893,FRAN PAREDES,0
35686,ROS FRANEY,Q4483163,ROMAN FERTMAN,0
35686,ROS FRANEY,Q72644351,TROELS HANSEN,0
35686,ROS FRANEY,Q4493511,ROMAN FURMAN,0
35686,ROS FRANEY,Q12789413,FRANCEK RUDOLF,0
35686,ROS FRANEY,Q28517217,ANDRES ROJAS,0
35686,ROS FRANEY,Q29906330,ROSE LORRAINE,0
35686,ROS FRANEY,Q23907430,ROSA FONTANA,0
35686,ROS FRANEY,Q2846821,ANDREY LOSHAK,0
35686,ROS FRANEY,Q2363717,FRANCK LLOPIS,0
35686,ROS FRANEY,Q3014909,DANIELA ROSEN,0
35686,ROS FRANEY,Q3069245,FERNAND LEGROS,0
35686,ROS FRANEY,Q2178704,REGIS FRANC,0
35686,ROS FRANEY,Q21294815,RENE ROUSSEL,0
35686,ROS FRANEY,Q28355964,ANDRE ROY,0
35686,ROS FRANEY,Q101114294,ROSE-ANNE DERY,0
35686,ROS FRANEY,Q4951102,ROSA GRUNBERG,0
35686,ROS FRANEY,Q17485783,ARIANE RASPE,0
35686,ROS FRANEY,Q3442377,ROSE GRANE,0
35686,ROS FRANEY,Q16509307,FRANZ RIESS,0
35686,ROS FRANEY,Q1650913,THOMAS FREY,0
35686,ROS FRANEY,Q1648306,FRANK REYES,0
35686,ROS FRANEY,Q36794315,JOSE A. FERNANDEZ,0
35686,ROS FRANEY,Q3750422,FRANCESCO PARISI,0
35686,ROS FRANEY,Q3750496,FRANCESCO PRANDO,0
35686,ROS FRANEY,Q1442576,FRANCO DE ROSIS,0
35686,ROS FRANEY,Q1317158,FRANK ROBINSON,0
35686,ROS FRANEY,Q76937401,FRANK POULSEN,0
35686,ROS FRANEY,Q224029,ANDRE MAUROIS,0
